300 8 20
1 2 1 1 2 1 1 2 
3 3 3 3 3 3 3 3 
0 11 1 0 0 0 0 0 0 0 
1 14 0 1 0 0 0 0 0 0 
2 17 0 0 1 0 0 0 0 0 
3 19 0 0 0 1 0 0 0 0 
4 12 0 0 0 0 1 0 0 0 
5 16 0 0 0 0 0 1 0 0 
6 19 0 0 0 0 0 0 1 0 
7 14 0 0 0 0 0 0 0 1 
8 15 1 1 1 0 1 0 0 0 
9 20 0 0 1 1 0 0 0 0 
10 17 0 1 0 0 0 0 1 0 
11 17 0 0 0 1 0 0 1 0 
12 14 0 0 1 1 1 0 0 0 
13 18 1 1 0 0 0 0 0 1 
14 9 1 0 1 0 0 1 1 0 
15 14 0 1 0 1 0 0 0 0 
16 17 1 0 0 0 0 0 1 1 
17 10 1 0 1 0 0 1 0 0 
18 13 0 0 1 0 1 1 1 0 
19 14 1 0 0 1 0 0 0 0 
