500 8 20
3 1 1 1 1 1 2 3 
5 3 3 3 3 2 3 5 
0 22 1 0 0 0 0 0 0 0 
1 23 0 1 0 0 0 0 0 0 
2 30 0 0 1 0 0 0 0 0 
3 30 0 0 0 1 0 0 0 0 
4 22 0 0 0 0 1 0 0 0 
5 25 0 0 0 0 0 1 0 0 
6 26 0 0 0 0 0 0 1 0 
7 26 0 0 0 0 0 0 0 1 
8 29 0 1 0 0 0 1 0 1 
9 24 0 0 1 0 1 0 1 0 
10 29 0 1 1 1 1 0 0 1 
11 28 0 0 0 1 0 1 1 0 
12 23 1 0 0 1 1 1 0 0 
13 23 0 0 1 0 1 0 0 0 
14 19 0 0 0 0 1 0 1 0 
15 18 0 1 0 0 0 1 0 0 
16 28 1 1 0 1 0 1 0 0 
17 20 0 0 1 0 1 0 0 1 
18 24 1 0 0 1 0 0 0 0 
19 31 0 1 1 0 0 0 0 0 
