300 8 20
3 1 1 2 3 1 1 1 
4 3 3 3 5 3 3 3 
0 17 1 0 0 0 0 0 0 0 
1 9 0 1 0 0 0 0 0 0 
2 14 0 0 1 0 0 0 0 0 
3 17 0 0 0 1 0 0 0 0 
4 16 0 0 0 0 1 0 0 0 
5 8 0 0 0 0 0 1 0 0 
6 18 0 0 0 0 0 0 1 0 
7 18 0 0 0 0 0 0 0 1 
8 13 0 0 1 0 0 0 1 0 
9 14 1 0 0 1 1 1 1 0 
10 12 0 1 1 0 0 0 0 0 
11 20 1 0 0 0 0 1 1 0 
12 14 0 0 1 0 1 0 0 0 
13 14 0 1 0 1 1 1 0 1 
14 16 0 0 1 1 0 0 0 1 
15 16 0 1 1 1 0 0 0 0 
16 22 0 1 0 0 0 0 1 1 
17 11 0 0 1 0 0 1 0 1 
18 19 0 1 0 1 0 0 0 0 
19 12 0 0 0 1 1 0 1 1 
