300 8 20
1 1 3 3 1 1 3 1 
3 3 5 5 2 3 5 3 
0 22 1 0 0 0 0 0 0 0 
1 19 0 1 0 0 0 0 0 0 
2 15 0 0 1 0 0 0 0 0 
3 18 0 0 0 1 0 0 0 0 
4 19 0 0 0 0 1 0 0 0 
5 19 0 0 0 0 0 1 0 0 
6 20 0 0 0 0 0 0 1 0 
7 10 0 0 0 0 0 0 0 1 
8 14 0 0 1 1 0 0 1 1 
9 17 0 0 0 0 1 1 0 1 
10 13 0 1 1 1 0 1 0 1 
11 15 1 0 1 1 0 0 0 1 
12 12 0 0 0 1 0 1 0 0 
13 15 1 1 0 0 0 0 1 0 
14 9 0 1 0 1 0 1 0 1 
15 15 1 0 0 1 0 1 1 0 
16 11 1 0 0 0 0 1 0 0 
17 14 0 1 0 0 0 0 1 1 
18 9 0 1 0 1 1 0 0 0 
19 14 1 1 0 0 1 0 0 0 
