500 8 20
1 1 2 2 1 2 3 1 
2 3 4 3 2 4 5 2 
0 21 1 0 0 0 0 0 0 0 
1 20 0 1 0 0 0 0 0 0 
2 27 0 0 1 0 0 0 0 0 
3 32 0 0 0 1 0 0 0 0 
4 23 0 0 0 0 1 0 0 0 
5 25 0 0 0 0 0 1 0 0 
6 20 0 0 0 0 0 0 1 0 
7 22 0 0 0 0 0 0 0 1 
8 29 1 0 0 1 1 1 0 0 
9 28 0 0 1 0 0 1 1 1 
10 29 1 1 0 0 0 0 0 0 
11 19 1 0 0 0 1 0 0 0 
12 18 1 0 0 0 0 1 1 0 
13 28 1 1 0 1 1 1 0 0 
14 24 0 1 1 0 1 0 0 0 
15 32 1 0 1 0 1 0 0 1 
16 32 1 1 0 0 1 1 0 0 
17 26 1 0 1 0 1 1 0 0 
18 26 0 1 0 1 0 1 1 0 
19 19 0 0 1 0 1 1 0 1 
