500 8 20
1 1 1 3 3 1 2 1 
2 3 3 5 5 3 4 3 
0 34 1 0 0 0 0 0 0 0 
1 30 0 1 0 0 0 0 0 0 
2 17 0 0 1 0 0 0 0 0 
3 25 0 0 0 1 0 0 0 0 
4 24 0 0 0 0 1 0 0 0 
5 33 0 0 0 0 0 1 0 0 
6 25 0 0 0 0 0 0 1 0 
7 19 0 0 0 0 0 0 0 1 
8 25 0 1 1 0 0 0 0 0 
9 30 1 0 1 0 1 0 1 0 
10 25 1 0 0 0 0 0 0 1 
11 18 1 0 0 1 0 0 0 1 
12 27 1 1 1 1 0 1 0 0 
13 25 0 0 0 1 0 1 0 0 
14 33 1 1 1 1 0 0 0 1 
15 25 0 1 0 1 0 1 0 0 
16 17 0 0 0 0 1 0 0 1 
17 28 0 0 1 0 0 1 1 0 
18 22 0 1 0 0 0 1 1 1 
19 18 0 0 0 0 0 0 1 1 
