500 8 20
2 1 1 2 2 2 1 1 
4 3 3 3 4 4 3 3 
0 28 1 0 0 0 0 0 0 0 
1 29 0 1 0 0 0 0 0 0 
2 28 0 0 1 0 0 0 0 0 
3 24 0 0 0 1 0 0 0 0 
4 25 0 0 0 0 1 0 0 0 
5 22 0 0 0 0 0 1 0 0 
6 26 0 0 0 0 0 0 1 0 
7 27 0 0 0 0 0 0 0 1 
8 26 0 0 1 0 0 0 0 1 
9 16 0 0 0 1 1 0 1 0 
10 26 1 1 1 1 0 1 1 0 
11 18 1 1 0 0 0 0 1 0 
12 26 1 0 0 1 1 0 0 0 
13 25 1 1 1 1 1 1 0 1 
14 24 0 1 0 0 0 0 1 1 
15 28 0 0 0 0 0 1 0 1 
16 23 0 0 0 0 0 0 1 1 
17 22 1 0 0 1 0 1 0 0 
18 21 0 0 1 1 0 0 1 0 
19 36 0 1 1 0 1 1 0 0 
