500 8 20
1 1 1 1 1 1 3 3 
3 3 3 3 3 3 4 5 
0 27 1 0 0 0 0 0 0 0 
1 24 0 1 0 0 0 0 0 0 
2 22 0 0 1 0 0 0 0 0 
3 32 0 0 0 1 0 0 0 0 
4 22 0 0 0 0 1 0 0 0 
5 26 0 0 0 0 0 1 0 0 
6 30 0 0 0 0 0 0 1 0 
7 24 0 0 0 0 0 0 0 1 
8 19 0 1 0 1 0 1 0 0 
9 25 0 1 1 1 1 1 1 0 
10 23 1 0 0 0 0 0 1 1 
11 26 1 1 0 0 1 0 0 1 
12 23 1 0 0 0 1 0 0 0 
13 32 0 1 0 0 1 1 0 0 
14 19 1 0 0 1 0 0 0 1 
15 19 0 0 1 1 0 0 0 0 
16 30 1 1 0 0 0 0 1 1 
17 24 0 0 0 1 0 0 1 0 
18 27 0 0 0 0 1 1 1 0 
19 26 0 0 0 1 0 1 0 0 
