500 8 20
1 1 2 1 1 2 1 1 
2 3 4 3 3 4 3 3 
0 31 1 0 0 0 0 0 0 0 
1 23 0 1 0 0 0 0 0 0 
2 32 0 0 1 0 0 0 0 0 
3 16 0 0 0 1 0 0 0 0 
4 19 0 0 0 0 1 0 0 0 
5 25 0 0 0 0 0 1 0 0 
6 20 0 0 0 0 0 0 1 0 
7 26 0 0 0 0 0 0 0 1 
8 31 0 1 1 1 1 1 1 0 
9 25 0 0 0 1 1 1 0 1 
10 24 1 1 1 0 0 0 0 0 
11 21 1 0 0 0 0 0 1 1 
12 28 0 1 0 0 1 1 0 0 
13 17 1 0 0 1 0 0 0 0 
14 32 0 0 0 0 0 0 1 1 
15 25 0 0 0 1 0 0 1 0 
16 26 0 0 1 1 0 1 0 0 
17 29 0 0 1 0 0 1 1 0 
18 22 0 0 0 1 1 0 0 1 
19 28 0 1 0 0 1 0 0 1 
