500 8 20
1 3 3 1 1 2 2 3 
3 5 5 3 3 4 3 4 
0 26 1 0 0 0 0 0 0 0 
1 21 0 1 0 0 0 0 0 0 
2 24 0 0 1 0 0 0 0 0 
3 26 0 0 0 1 0 0 0 0 
4 24 0 0 0 0 1 0 0 0 
5 20 0 0 0 0 0 1 0 0 
6 27 0 0 0 0 0 0 1 0 
7 33 0 0 0 0 0 0 0 1 
8 24 0 1 0 0 0 0 1 1 
9 23 0 0 0 1 1 0 1 0 
10 21 0 1 0 1 1 0 1 1 
11 23 1 1 0 0 1 0 1 1 
12 28 1 1 0 0 0 1 1 0 
13 23 0 0 1 0 1 0 0 0 
14 22 0 1 0 0 1 0 1 0 
15 25 0 1 0 1 1 0 1 0 
16 20 1 1 0 0 0 0 0 1 
17 30 1 1 0 1 0 0 0 1 
18 33 1 1 1 0 0 0 0 1 
19 27 0 1 1 1 0 1 1 0 
