500 10 25
1 1 1 1 2 1 3 3 3 2
3 2 2 2 3 2 5 5 4 3
0 38 0 0 0 0 1 0 0 0 0 0
1 6 0 1 0 1 0 1 1 0 1 1
2 6 0 0 0 0 1 0 1 0 0 1
3 3 1 0 0 1 1 1 1 0 0 0
4 2 0 1 1 1 1 1 0 1 1 0
5 1 0 0 0 1 1 1 0 1 1 1
6 35 0 0 1 0 1 1 0 1 0 1
7 10 0 1 1 1 1 0 1 0 1 1
8 16 0 0 0 0 1 1 0 0 0 1
9 62 0 0 0 1 1 1 0 1 1 0
10 3 0 0 1 1 0 1 1 0 1 0
11 7 0 1 0 0 1 1 0 1 0 1
12 34 0 1 1 1 0 0 1 1 1 1
13 35 0 1 1 1 0 0 1 0 1 1
14 17 0 1 0 0 1 1 1 1 1 1
15 39 1 1 0 1 0 0 1 0 0 1
16 31 0 0 0 0 0 1 0 1 1 1
17 28 1 1 0 0 0 0 0 0 1 0
18 8 1 1 0 0 1 0 0 1 1 1
19 30 0 0 0 0 1 0 1 1 1 0
20 9 0 1 0 1 0 0 0 1 1 0
21 35 0 0 1 1 1 0 0 1 1 1
22 3 0 1 0 0 1 0 0 0 1 1
23 10 0 1 1 0 0 1 0 1 0 0
24 32 1 0 0 0 0 1 0 0 0 1
