100 10 25
1 3 3 2 3 3 2 2 2 3
3 5 4 4 4 5 3 4 3 4
0 4 0 0 1 1 1 0 1 1 1 0
1 6 0 1 0 0 1 1 1 0 0 1
2 4 0 0 1 1 0 0 1 0 1 1
3 11 0 0 1 0 1 1 0 0 1 1
4 5 0 1 1 1 0 0 0 1 1 0
5 4 0 0 1 1 1 0 0 0 0 1
6 1 0 1 0 0 0 1 1 0 1 0
7 2 0 1 0 1 0 1 1 0 0 1
8 4 0 0 1 0 1 1 1 0 1 0
9 5 0 1 1 0 1 0 1 0 0 0
10 1 1 1 1 0 1 1 1 1 1 0
11 1 0 1 1 1 1 0 0 0 1 1
12 1 1 1 1 0 0 1 0 1 1 1
13 2 0 0 0 0 1 0 0 0 1 0
14 6 0 0 1 0 1 0 0 0 1 1
15 4 0 1 0 1 1 1 1 1 1 1
16 4 0 1 1 1 0 0 1 1 1 0
17 7 1 0 1 0 0 1 1 1 0 1
18 10 0 1 1 0 0 1 1 0 0 1
19 2 1 0 1 0 1 0 1 1 1 1
20 5 0 0 1 1 1 0 1 1 0 1
21 3 1 1 0 0 1 0 1 1 1 1
22 1 0 0 1 0 0 0 1 0 1 0
23 3 0 1 0 0 1 1 1 1 0 1
24 4 0 0 0 0 0 0 0 0 1 1
