100 10 25
5 5 5 4 4 5 5 4 5 2
7 6 7 6 6 7 6 5 6 3
0 7 0 0 0 0 0 0 0 0 0 1
1 1 1 1 0 1 1 1 1 1 1 1
2 1 0 0 0 0 1 0 0 0 0 0
3 6 0 0 0 0 0 1 0 0 0 0
4 3 0 1 1 0 0 1 1 1 1 0
5 1 1 1 1 1 1 1 1 0 0 0
6 2 1 1 1 1 1 1 1 1 1 0
7 1 0 0 0 0 0 0 0 0 1 0
8 16 1 0 0 0 0 0 0 0 0 0
9 1 0 1 0 0 1 1 1 1 1 1
10 1 1 1 1 1 1 1 1 1 1 1
11 7 0 0 1 0 0 0 0 0 0 0
12 4 0 0 1 1 1 1 1 1 0 0
13 2 1 1 0 0 1 1 1 1 1 1
14 2 1 1 1 0 0 0 0 1 1 1
15 1 0 1 1 1 1 1 1 1 1 1
16 12 0 1 0 0 0 0 0 0 0 0
17 1 0 0 0 0 0 0 0 1 0 0
18 5 1 1 1 0 0 1 1 1 1 1
19 19 0 0 0 0 0 0 1 0 0 0
20 3 0 0 0 1 0 0 0 0 0 0
21 1 1 1 0 1 1 1 1 1 0 0
22 1 1 1 0 0 1 0 0 1 1 1
23 1 1 0 1 1 0 1 0 0 1 0
24 1 1 1 0 1 1 1 1 0 1 1
