500 10 25
2 4 3 4 5 4 3 2 3 3
3 6 4 6 6 6 4 3 4 5
0 5 0 1 1 1 1 1 1 0 1 0
1 7 0 0 0 0 0 0 0 0 0 1
2 5 1 0 1 1 1 1 1 1 1 0
3 2 0 0 0 0 0 0 0 0 1 0
4 12 0 0 1 0 1 0 1 0 1 0
5 45 0 0 0 0 0 1 0 0 0 0
6 14 1 0 1 1 1 1 1 1 1 1
7 46 0 0 0 0 0 0 1 0 0 0
8 6 1 0 0 1 1 1 0 1 0 1
9 12 1 1 1 1 1 1 1 0 1 1
10 12 1 0 0 0 0 0 0 0 0 0
11 13 1 0 0 0 1 1 1 0 1 1
12 13 0 0 0 0 1 0 0 0 0 0
13 16 1 1 1 1 1 1 0 0 1 1
14 47 0 0 1 0 0 0 0 0 0 0
15 40 0 0 0 1 0 0 0 0 0 0
16 22 0 1 0 0 0 0 0 0 0 0
17 19 0 0 1 1 1 1 0 1 1 0
18 76 0 0 0 0 0 0 0 1 0 0
19 27 0 1 0 1 1 1 1 1 1 0
20 5 1 1 0 0 1 1 1 1 0 0
21 13 1 1 0 1 0 1 1 0 1 1
22 34 1 1 1 1 1 0 1 0 1 1
23 8 0 0 0 1 1 0 1 1 0 1
24 1 0 1 1 1 1 0 1 1 1 1
