300 10 25
3 1 2 2 2 2 1 3 3 3
5 3 3 4 3 4 2 5 4 4
0 6 0 1 1 0 1 1 0 1 0 0
1 34 0 0 0 0 0 1 0 0 0 0
2 8 0 1 1 1 0 0 1 0 0 0
3 5 1 0 0 0 0 1 1 1 1 1
4 30 0 1 1 0 0 1 0 1 1 1
5 15 0 0 0 0 0 0 0 0 0 1
6 3 1 0 1 0 1 0 1 1 1 1
7 14 1 0 0 1 1 0 1 1 0 1
8 6 1 0 1 1 0 1 0 0 1 1
9 15 0 0 1 0 0 0 0 0 0 0
10 4 0 0 0 0 1 0 0 0 1 1
11 2 1 1 1 1 1 1 1 1 1 0
12 5 0 1 0 1 1 0 1 1 0 1
13 29 0 0 0 1 0 0 0 0 0 0
14 16 0 0 0 0 1 0 0 0 0 0
15 14 0 0 0 0 0 0 0 1 0 0
16 26 0 0 0 0 0 0 1 0 0 0
17 18 1 0 0 0 0 0 0 0 0 0
18 1 0 0 1 1 1 1 1 0 1 1
19 1 1 0 1 0 0 1 1 0 1 1
20 6 1 0 0 1 0 0 1 1 1 1
21 5 1 1 1 0 1 1 1 0 1 0
22 24 0 0 0 0 0 0 0 0 1 0
23 9 1 0 1 1 1 0 1 0 1 1
24 4 0 1 0 0 0 0 0 0 0 0
