100 10 25
4 3 5 4 5 5 3 5 3 5
5 5 7 6 6 7 4 7 4 7
0 13 0 0 0 0 0 0 0 0 0 1
1 1 0 1 1 0 1 1 1 1 0 1
2 4 1 1 1 1 1 0 1 1 0 0
3 7 0 0 0 0 1 0 0 0 0 0
4 1 1 1 1 0 1 1 1 1 1 1
5 5 0 0 0 0 0 1 0 0 0 0
6 4 0 0 1 1 1 1 1 0 0 0
7 1 1 1 1 1 1 1 1 1 1 0
8 5 0 0 0 0 0 0 0 0 1 0
9 1 1 0 1 0 1 1 1 1 0 0
10 6 1 0 0 0 0 0 0 0 0 0
11 2 1 1 1 0 1 1 1 0 1 1
12 2 0 1 1 0 1 1 1 0 1 0
13 2 1 1 1 1 1 1 0 1 1 1
14 1 1 1 1 1 1 1 1 1 1 1
15 9 0 0 1 0 0 0 0 0 0 0
16 1 1 1 1 1 1 0 1 1 1 0
17 1 0 1 0 0 0 0 0 0 0 0
18 10 0 0 0 0 0 0 0 1 0 0
19 3 1 0 1 1 1 0 1 1 1 0
20 1 1 1 1 0 1 1 0 1 0 1
21 9 0 0 0 0 0 0 1 0 0 0
22 1 0 0 0 1 0 0 0 0 0 0
23 9 0 0 0 1 1 1 0 1 0 1
24 1 0 0 1 1 1 1 1 1 0 1
