500 10 25
2 1 1 3 1 1 2 3 2 3
5 3 4 6 3 3 5 5 4 6
0 5 0 0 0 0 0 0 0 0 1 0
1 10 0 1 0 1 0 1 1 0 1 1
2 25 0 1 0 0 0 0 0 0 0 0
3 24 0 0 0 0 0 0 1 0 0 0
4 10 0 0 0 0 1 1 1 0 1 0
5 20 0 0 0 1 0 0 0 1 1 0
6 30 0 0 0 0 1 0 0 0 0 0
7 3 0 0 1 1 1 0 1 0 0 1
8 81 1 0 0 0 0 0 0 0 0 0
9 64 0 0 0 0 0 0 1 1 0 0
10 12 0 0 1 0 0 0 0 0 0 0
11 25 0 0 0 0 0 0 0 1 0 0
12 38 0 0 0 1 0 0 0 0 0 0
13 74 0 0 0 0 0 0 0 0 0 1
14 12 0 1 0 0 0 0 0 0 1 0
15 2 0 0 0 1 1 0 0 1 0 1
16 3 0 0 1 1 0 0 1 0 1 1
17 9 0 0 0 0 0 1 0 0 0 0
18 4 0 0 1 0 0 1 1 1 1 0
19 8 0 0 0 0 1 0 0 0 1 1
20 10 1 1 0 0 0 0 0 0 0 1
21 13 1 0 0 1 0 0 0 0 1 0
22 2 0 0 0 1 0 0 1 0 0 1
23 1 0 0 0 0 0 1 0 1 1 0
24 15 0 0 1 0 0 0 0 1 1 0
