500 10 25
2 1 2 2 1 2 1 3 2 1
3 3 4 4 2 4 2 5 4 2
0 68 1 0 0 0 0 0 0 0 0 0
1 11 1 0 1 0 1 0 1 1 1 0
2 13 0 0 1 0 1 0 0 1 1 1
3 5 0 0 0 0 1 0 0 0 0 0
4 4 1 0 1 0 1 0 0 1 0 0
5 11 0 0 0 1 1 1 0 0 0 1
6 9 0 0 0 0 0 1 0 0 0 0
7 8 1 0 0 1 0 1 1 0 0 1
8 16 1 1 1 0 0 1 0 0 0 0
9 10 1 0 0 1 1 0 0 0 1 0
10 1 1 0 1 1 0 1 0 1 0 0
11 3 0 0 0 0 0 0 0 1 0 0
12 7 1 0 1 1 0 1 0 1 1 1
13 4 0 1 1 1 0 0 0 1 1 0
14 22 1 0 0 1 0 1 0 1 0 0
15 11 1 0 0 0 1 1 0 0 0 0
16 6 0 0 0 1 0 1 0 1 0 0
17 43 0 0 0 1 0 0 0 0 0 0
18 5 1 0 0 1 0 0 1 1 1 1
19 79 0 0 0 0 0 0 0 0 1 0
20 29 0 1 0 0 0 0 0 0 0 0
21 24 0 0 0 0 0 0 0 0 0 1
22 9 1 0 1 0 0 1 0 0 1 0
23 79 0 0 0 0 0 0 1 0 0 0
24 23 0 0 1 0 0 0 0 0 0 0
