500 10 25
3 3 1 1 1 3 1 1 2 3
6 5 3 4 4 5 4 3 5 5
0 14 0 0 0 0 0 0 0 0 1 0
1 2 1 1 0 0 1 0 0 1 1 1
2 9 0 0 1 0 0 1 0 0 0 1
3 20 1 1 0 0 0 0 0 0 0 0
4 37 0 1 0 0 0 0 0 0 0 0
5 2 0 1 0 0 0 0 0 1 0 1
6 5 0 0 0 0 0 0 1 0 0 0
7 1 1 1 0 0 0 0 0 0 1 1
8 19 1 1 0 0 1 1 0 1 1 0
9 38 0 0 0 0 1 0 0 0 0 0
10 5 0 1 0 1 0 0 0 1 0 1
11 54 0 0 0 0 0 1 0 0 0 1
12 37 1 0 0 0 0 0 0 0 0 0
13 23 0 1 1 0 0 0 0 0 0 1
14 62 0 0 1 0 0 0 0 0 0 0
15 19 0 0 0 0 0 0 0 1 0 0
16 1 0 1 0 0 0 1 0 0 1 1
17 52 0 0 0 1 0 0 0 0 0 0
18 1 0 0 0 0 0 1 0 0 1 0
19 10 0 0 0 0 0 0 0 0 0 1
20 7 0 0 0 0 0 1 0 1 0 1
21 12 0 0 0 0 0 0 1 0 0 1
22 40 0 0 0 0 0 1 0 0 0 0
23 1 1 1 0 0 0 1 1 1 0 0
24 29 0 1 0 0 0 1 0 0 1 0
