100 10 25
3 1 2 1 1 2 3 1 3 2
5 3 4 3 3 3 4 3 4 3
0 2 1 0 1 0 0 1 1 0 0 0
1 7 0 1 0 0 0 0 0 0 0 0
2 5 0 0 0 0 0 1 1 0 1 0
3 3 0 0 0 0 0 0 0 0 1 0
4 1 1 0 1 1 1 0 1 0 1 0
5 4 0 0 0 0 0 1 1 1 0 0
6 2 1 0 1 0 0 0 0 0 1 1
7 3 0 0 0 0 0 0 1 0 0 0
8 9 1 0 0 0 0 1 1 1 1 0
9 4 0 0 0 0 0 0 0 1 0 0
10 1 0 1 1 0 0 1 0 0 1 0
11 1 0 0 0 1 0 1 0 0 1 1
12 5 1 1 0 0 0 0 1 0 1 1
13 3 0 0 0 0 0 1 0 0 0 0
14 7 1 0 0 0 0 0 0 0 0 0
15 4 0 0 1 0 0 0 0 0 0 0
16 7 0 0 0 0 1 0 0 0 0 0
17 3 0 0 0 0 0 1 1 0 0 1
18 1 1 0 0 1 0 1 0 1 0 1
19 3 1 0 1 0 0 0 1 0 1 1
20 8 0 0 0 1 0 0 0 0 0 0
21 5 0 0 0 0 0 0 1 0 1 0
22 3 0 0 1 0 0 1 1 0 1 1
23 6 0 0 0 0 0 0 0 0 0 1
24 3 1 0 0 0 0 1 0 0 1 0
