500 10 25
2 4 5 3 5 4 5 5 2 4
3 5 7 4 6 6 7 6 4 5
0 19 1 1 1 1 1 0 1 1 1 1
1 36 0 0 0 0 0 0 0 0 0 1
2 5 1 1 1 1 1 1 1 1 1 0
3 12 1 1 1 1 0 0 1 0 0 0
4 3 0 0 1 1 1 1 0 1 0 1
5 7 0 0 0 0 0 0 0 0 1 0
6 4 1 1 0 1 1 1 0 1 0 1
7 43 0 0 0 0 0 1 0 0 0 0
8 62 0 0 0 0 0 0 1 0 0 0
9 5 1 0 0 0 0 0 0 0 0 0
10 22 0 0 0 0 1 0 0 0 0 0
11 18 1 1 1 1 1 1 0 0 1 1
12 2 0 0 1 1 0 1 1 1 1 1
13 21 1 1 0 1 1 1 0 1 0 0
14 2 1 1 1 0 1 0 1 1 0 1
15 61 0 0 1 0 0 0 0 0 0 0
16 1 0 0 0 1 0 0 0 0 0 0
17 14 0 1 0 0 0 0 0 0 0 0
18 16 1 0 0 1 0 1 1 1 0 1
19 53 0 0 0 0 0 0 0 1 0 0
20 18 1 0 1 1 1 0 0 1 0 1
21 10 1 1 0 1 1 1 1 1 1 1
22 5 1 1 1 1 1 1 1 1 1 1
23 45 1 0 0 1 0 0 1 1 0 1
24 16 1 1 0 1 1 0 1 1 1 1
