100 10 25
1 3 1 2 2 3 3 3 1 2
2 5 3 4 3 5 5 5 2 4
0 1 0 1 0 1 1 0 1 1 0 1
1 1 1 0 0 0 1 0 0 1 0 1
2 4 0 0 0 0 0 0 0 0 1 0
3 6 0 0 0 0 0 0 0 1 0 0
4 1 1 0 0 0 1 1 1 1 0 1
5 6 1 0 0 0 0 1 1 1 0 1
6 2 1 1 1 1 0 1 1 0 0 1
7 3 0 0 1 0 0 0 0 0 0 0
8 4 0 1 0 0 0 0 0 1 1 0
9 6 0 1 0 0 0 0 0 0 0 0
10 7 0 0 0 0 0 0 1 0 0 0
11 2 1 0 0 0 1 1 1 1 1 0
12 2 1 0 0 1 1 0 0 1 0 0
13 7 0 0 0 0 0 0 0 0 0 1
14 2 1 1 1 0 0 0 0 0 0 0
15 9 0 0 0 1 0 0 0 0 0 0
16 7 1 0 0 0 0 0 0 0 0 0
17 8 0 1 0 1 1 1 1 0 1 0
18 1 0 1 0 1 0 1 0 0 0 0
19 10 0 0 0 0 1 0 0 0 0 0
20 1 1 0 0 1 1 1 0 1 1 0
21 1 0 1 1 1 1 1 1 0 1 0
22 3 0 1 0 0 1 1 1 1 1 1
23 2 0 0 0 0 0 1 0 0 0 0
24 4 1 0 0 0 1 0 1 1 0 1
