300 10 25
2 3 3 3 3 1 1 3 3 2
5 6 6 6 5 3 4 6 6 5
0 41 0 1 0 0 0 0 0 0 0 0
1 1 1 0 0 0 0 0 0 0 0 0
2 36 1 0 0 0 1 0 0 1 0 0
3 3 0 1 0 1 0 0 1 0 0 1
4 29 0 0 0 0 0 1 0 0 0 0
5 2 0 1 0 0 1 0 1 0 1 1
6 11 0 0 1 1 1 0 0 0 0 0
7 5 0 0 0 0 0 0 0 0 1 0
8 12 0 0 0 0 0 0 0 0 0 1
9 2 1 0 1 1 1 0 0 1 1 1
10 13 0 0 0 0 1 0 0 0 0 0
11 3 0 0 0 0 0 0 1 0 0 0
12 20 0 0 1 0 0 0 0 0 0 0
13 14 0 0 0 0 0 0 1 0 1 0
14 14 1 0 1 1 1 0 1 0 1 0
15 8 1 1 0 0 0 1 0 0 0 1
16 11 0 0 0 0 0 0 0 1 0 0
17 7 0 1 1 1 0 0 0 0 0 1
18 1 1 1 0 0 1 0 1 0 1 1
19 6 0 1 0 1 1 0 0 1 1 0
20 16 0 1 0 0 0 1 0 0 1 0
21 5 1 0 1 1 0 0 0 1 0 1
22 5 1 0 0 1 1 0 0 0 1 0
23 29 0 0 0 1 0 0 0 0 0 0
24 6 0 1 0 1 1 0 0 1 0 0
