100 10 25
3 2 2 2 1 2 3 3 1 2
5 4 5 5 3 4 6 5 4 4
0 1 1 0 0 0 0 0 0 1 0 0
1 1 1 1 0 0 0 0 0 0 0 0
2 1 1 0 1 0 0 0 0 0 0 1
3 3 1 1 0 0 0 0 0 1 0 0
4 3 0 0 0 0 1 0 0 0 0 0
5 1 0 0 1 0 0 0 0 0 0 0
6 1 1 0 0 1 0 0 0 1 0 0
7 2 0 1 1 0 0 1 1 0 0 0
8 1 0 0 0 1 0 0 0 0 0 1
9 1 1 0 1 0 0 1 0 1 0 1
10 13 0 0 0 0 0 0 0 0 0 1
11 6 1 1 1 0 1 1 1 1 0 0
12 5 0 0 0 1 0 0 0 0 0 0
13 3 0 1 1 1 0 1 1 0 0 0
14 8 0 0 0 0 0 0 0 0 1 0
15 3 1 0 0 1 0 1 0 0 0 1
16 3 0 1 0 1 0 1 0 0 0 0
17 5 0 0 0 1 0 0 1 0 0 0
18 3 0 0 0 0 0 0 0 1 0 0
19 3 1 1 0 0 0 1 1 1 0 1
20 7 0 0 0 0 0 0 1 0 0 0
21 4 0 1 0 0 0 0 0 0 0 0
22 5 0 0 0 0 0 1 0 0 0 0
23 1 0 0 1 0 0 0 0 1 1 1
24 16 1 0 0 0 0 0 0 0 0 0
