300 10 25
3 2 3 2 1 2 3 2 2 3
5 5 6 4 3 4 6 4 5 6
0 3 0 0 1 1 0 0 0 1 1 1
1 11 1 1 1 1 0 0 1 0 1 0
2 8 0 1 0 0 0 0 0 0 0 0
3 3 0 0 0 0 0 0 0 1 1 1
4 4 1 1 0 0 1 0 1 0 0 1
5 31 1 0 0 0 0 0 0 0 0 0
6 2 1 1 0 1 1 0 0 1 0 1
7 27 0 0 0 0 0 1 0 0 0 0
8 20 1 1 0 0 0 0 0 1 0 1
9 6 0 0 0 0 0 0 0 0 1 0
10 35 0 0 0 0 0 0 0 0 0 1
11 2 1 0 0 1 1 0 1 1 1 1
12 15 0 0 0 0 1 0 0 0 0 0
13 32 0 0 0 0 0 0 1 0 0 0
14 17 0 0 1 0 0 0 0 0 0 0
15 7 1 0 0 1 0 0 0 0 0 0
16 4 0 0 0 1 0 0 0 0 0 0
17 40 0 0 0 0 0 0 0 1 0 0
18 2 1 1 0 0 0 0 1 1 1 0
19 4 1 1 1 1 1 1 0 0 0 1
20 10 1 0 0 1 0 0 0 0 1 1
21 1 1 0 0 0 0 1 1 0 0 1
22 8 0 1 0 1 0 0 0 0 0 0
23 5 1 0 1 1 0 1 0 1 1 0
24 3 0 0 1 1 1 0 1 1 0 1
