100 10 25
3 2 2 3 2 5 5 3 3 3
4 4 4 4 3 6 7 5 4 5
0 1 0 0 0 0 0 0 0 0 0 1
1 1 0 0 0 1 1 0 1 1 1 0
2 3 1 0 1 0 1 0 1 1 0 1
3 1 0 1 0 1 1 1 1 0 1 0
4 11 0 0 0 0 1 0 0 0 0 0
5 1 0 0 1 1 0 1 1 1 1 1
6 6 1 0 0 1 0 0 1 1 0 1
7 2 0 1 0 1 0 1 1 0 1 0
8 1 1 1 1 1 0 1 1 1 1 1
9 2 0 0 0 0 0 1 0 0 0 0
10 1 1 0 0 0 1 1 1 1 1 0
11 6 0 0 0 0 0 0 0 0 1 0
12 6 1 0 0 0 0 0 0 0 0 0
13 3 0 0 0 0 1 1 1 1 1 0
14 10 0 0 1 0 0 0 0 0 0 0
15 1 0 0 1 1 0 1 1 0 1 1
16 1 1 1 1 1 1 1 1 0 0 1
17 9 0 1 0 0 0 0 0 0 0 0
18 9 0 0 0 0 0 0 0 1 0 0
19 3 0 1 1 1 0 1 0 1 1 0
20 2 0 0 0 0 0 0 1 0 0 0
21 4 1 1 0 1 1 1 1 0 0 1
22 12 0 0 0 1 0 0 0 0 0 0
23 2 1 0 0 1 1 1 1 1 1 1
24 2 1 1 1 1 0 1 1 0 1 1
