500 8 20
2 1 1 3 1 1 3 2 
4 3 3 4 3 3 4 3 
0 17 1 0 0 0 0 0 0 0 
1 32 0 1 0 0 0 0 0 0 
2 29 0 0 1 0 0 0 0 0 
3 32 0 0 0 1 0 0 0 0 
4 18 0 0 0 0 1 0 0 0 
5 35 0 0 0 0 0 1 0 0 
6 20 0 0 0 0 0 0 1 0 
7 21 0 0 0 0 0 0 0 1 
8 24 1 0 0 0 0 1 0 1 
9 25 0 0 1 0 0 1 1 0 
10 28 0 1 1 1 1 1 0 1 
11 27 0 1 0 1 1 0 0 0 
12 29 0 0 1 1 0 0 0 1 
13 24 0 1 0 1 1 0 0 0 
14 24 0 1 0 0 1 0 0 1 
15 25 0 0 0 0 1 0 0 1 
16 23 0 1 0 1 0 0 0 1 
17 24 1 0 1 1 0 1 0 1 
18 20 1 0 1 0 1 0 0 0 
19 23 0 0 0 1 0 1 0 0 
