300 8 20
1 2 3 1 1 1 3 1 
3 4 4 3 2 3 5 3 
0 11 1 0 0 0 0 0 0 0 
1 10 0 1 0 0 0 0 0 0 
2 12 0 0 1 0 0 0 0 0 
3 16 0 0 0 1 0 0 0 0 
4 12 0 0 0 0 1 0 0 0 
5 18 0 0 0 0 0 1 0 0 
6 15 0 0 0 0 0 0 1 0 
7 15 0 0 0 0 0 0 0 1 
8 13 0 0 1 1 0 0 1 1 
9 17 1 0 0 1 0 1 1 0 
10 17 0 0 0 0 1 1 1 0 
11 23 0 1 1 0 1 0 0 1 
12 22 1 1 1 1 0 0 0 0 
13 15 1 0 0 0 0 0 1 1 
14 13 0 1 0 0 1 1 1 1 
15 13 1 1 0 0 0 0 0 1 
16 13 0 0 0 0 1 1 0 0 
17 15 1 1 0 0 0 0 1 0 
18 13 0 0 0 1 0 0 1 0 
19 17 0 0 0 1 0 1 0 0 
