300 8 20
1 1 1 1 1 3 2 1 
2 3 3 3 3 5 3 3 
0 15 1 0 0 0 0 0 0 0 
1 18 0 1 0 0 0 0 0 0 
2 24 0 0 1 0 0 0 0 0 
3 17 0 0 0 1 0 0 0 0 
4 20 0 0 0 0 1 0 0 0 
5 18 0 0 0 0 0 1 0 0 
6 12 0 0 0 0 0 0 1 0 
7 12 0 0 0 0 0 0 0 1 
8 12 1 0 0 0 1 0 0 0 
9 11 1 1 0 1 1 0 1 1 
10 19 0 1 0 1 0 0 1 1 
11 15 0 0 0 1 1 1 1 1 
12 14 0 1 1 0 0 0 0 1 
13 13 1 0 0 0 1 1 1 1 
14 19 0 0 0 1 1 0 0 0 
15 13 1 1 0 0 0 0 0 0 
16 8 0 1 1 0 1 1 0 0 
17 14 0 0 0 1 0 0 1 0 
18 14 0 0 0 0 0 1 0 1 
19 12 1 1 1 0 0 1 1 0 
