500 8 20
1 1 1 2 1 1 3 3 
2 3 3 3 3 3 4 5 
0 21 1 0 0 0 0 0 0 0 
1 22 0 1 0 0 0 0 0 0 
2 24 0 0 1 0 0 0 0 0 
3 33 0 0 0 1 0 0 0 0 
4 25 0 0 0 0 1 0 0 0 
5 26 0 0 0 0 0 1 0 0 
6 27 0 0 0 0 0 0 1 0 
7 21 0 0 0 0 0 0 0 1 
8 28 1 0 0 1 1 0 0 1 
9 20 1 1 0 0 1 0 1 0 
10 32 0 0 1 0 0 1 0 0 
11 26 0 0 0 1 1 1 1 0 
12 21 0 0 0 0 1 1 1 1 
13 20 0 0 1 1 0 0 0 0 
14 25 1 0 0 1 0 0 1 1 
15 33 0 1 1 0 0 1 0 0 
16 17 0 0 1 0 1 1 0 1 
17 28 0 1 1 0 1 0 1 0 
18 24 0 1 0 0 0 0 0 1 
19 27 0 1 0 0 0 0 1 0 
