300 8 20
1 1 2 3 1 1 1 3 
2 3 3 5 3 3 3 4 
0 19 1 0 0 0 0 0 0 0 
1 17 0 1 0 0 0 0 0 0 
2 19 0 0 1 0 0 0 0 0 
3 14 0 0 0 1 0 0 0 0 
4 13 0 0 0 0 1 0 0 0 
5 12 0 0 0 0 0 1 0 0 
6 18 0 0 0 0 0 0 1 0 
7 13 0 0 0 0 0 0 0 1 
8 19 0 1 1 0 1 0 0 0 
9 13 1 1 0 1 1 1 0 1 
10 20 0 0 1 0 0 0 1 0 
11 14 1 0 0 0 0 1 1 0 
12 17 0 0 1 0 1 1 0 0 
13 13 0 1 0 0 0 0 1 0 
14 11 1 0 0 1 1 0 0 1 
15 20 0 1 0 0 1 1 1 0 
16 11 0 0 0 1 0 0 1 1 
17 12 0 0 1 0 0 1 0 0 
18 11 1 0 0 0 0 1 0 0 
19 14 1 1 0 0 0 0 0 0 
