500 8 20
3 1 1 1 3 1 3 2 
4 3 3 3 5 3 5 4 
0 27 1 0 0 0 0 0 0 0 
1 33 0 1 0 0 0 0 0 0 
2 19 0 0 1 0 0 0 0 0 
3 27 0 0 0 1 0 0 0 0 
4 25 0 0 0 0 1 0 0 0 
5 28 0 0 0 0 0 1 0 0 
6 22 0 0 0 0 0 0 1 0 
7 23 0 0 0 0 0 0 0 1 
8 19 0 0 0 1 0 1 0 1 
9 26 1 0 0 0 1 1 1 1 
10 15 0 0 1 0 1 0 0 0 
11 24 0 1 1 0 0 0 0 0 
12 22 0 1 0 0 1 0 0 0 
13 29 0 1 1 1 0 1 0 1 
14 29 1 0 1 0 0 0 0 0 
15 31 0 0 0 1 0 1 1 0 
16 29 1 0 0 1 0 0 0 1 
17 28 1 1 0 1 0 0 1 0 
18 23 0 1 1 0 0 1 1 0 
19 21 1 0 1 0 0 0 0 0 
