300 8 20
1 2 1 2 3 2 2 3 
2 4 2 4 5 4 4 4 
0 14 1 0 0 0 0 0 0 0 
1 18 0 1 0 0 0 0 0 0 
2 9 0 0 1 0 0 0 0 0 
3 11 0 0 0 1 0 0 0 0 
4 16 0 0 0 0 1 0 0 0 
5 14 0 0 0 0 0 1 0 0 
6 13 0 0 0 0 0 0 1 0 
7 23 0 0 0 0 0 0 0 1 
8 25 0 1 0 1 1 1 1 0 
9 15 0 1 0 0 1 1 1 0 
10 9 0 1 0 0 0 0 0 1 
11 19 1 0 0 1 1 1 0 0 
12 10 0 0 1 1 0 0 1 0 
13 17 0 1 0 0 0 1 1 0 
14 19 0 0 1 1 0 0 1 0 
15 11 0 0 0 1 1 1 1 0 
16 9 1 1 0 0 0 1 0 1 
17 14 0 1 1 1 0 1 1 0 
18 16 0 1 0 1 1 1 1 0 
19 18 1 1 0 1 0 0 0 0 
