500 8 20
2 2 1 3 1 1 1 1 
4 4 3 4 3 2 3 3 
0 25 1 0 0 0 0 0 0 0 
1 29 0 1 0 0 0 0 0 0 
2 32 0 0 1 0 0 0 0 0 
3 19 0 0 0 1 0 0 0 0 
4 32 0 0 0 0 1 0 0 0 
5 28 0 0 0 0 0 1 0 0 
6 23 0 0 0 0 0 0 1 0 
7 27 0 0 0 0 0 0 0 1 
8 23 0 1 1 1 0 0 0 0 
9 28 0 1 0 0 1 1 1 1 
10 19 1 0 1 0 0 1 0 0 
11 26 0 1 0 0 0 1 1 1 
12 21 0 1 0 1 1 0 1 0 
13 23 0 0 0 1 1 0 0 0 
14 19 1 0 0 0 0 0 0 1 
15 23 0 0 1 1 1 1 0 1 
16 24 0 0 1 1 0 0 0 0 
17 25 1 0 0 0 0 1 1 0 
18 33 0 0 1 0 1 0 1 1 
19 21 1 1 0 0 0 0 0 0 
