300 8 20
1 3 1 2 2 1 3 1 
3 4 3 3 3 3 4 3 
0 19 1 0 0 0 0 0 0 0 
1 10 0 1 0 0 0 0 0 0 
2 15 0 0 1 0 0 0 0 0 
3 15 0 0 0 1 0 0 0 0 
4 15 0 0 0 0 1 0 0 0 
5 15 0 0 0 0 0 1 0 0 
6 16 0 0 0 0 0 0 1 0 
7 19 0 0 0 0 0 0 0 1 
8 17 0 0 1 1 0 0 1 0 
9 11 0 0 0 0 1 1 0 1 
10 12 1 0 1 0 0 0 0 0 
11 14 0 1 0 1 0 1 1 0 
12 18 1 0 1 0 0 0 0 1 
13 15 0 0 0 0 0 1 1 1 
14 19 1 1 1 0 0 0 0 0 
15 14 0 1 0 0 1 1 0 0 
16 12 1 0 0 0 1 1 1 0 
17 12 1 0 0 0 0 1 1 0 
18 11 0 0 1 0 1 0 1 1 
19 21 0 1 0 0 0 0 1 1 
