500 8 20
1 1 1 1 3 3 1 1 
2 2 2 3 5 5 3 3 
0 20 1 0 0 0 0 0 0 0 
1 21 0 1 0 0 0 0 0 0 
2 23 0 0 1 0 0 0 0 0 
3 32 0 0 0 1 0 0 0 0 
4 26 0 0 0 0 1 0 0 0 
5 30 0 0 0 0 0 1 0 0 
6 17 0 0 0 0 0 0 1 0 
7 25 0 0 0 0 0 0 0 1 
8 20 0 0 1 1 1 0 0 1 
9 24 0 0 0 1 1 1 0 0 
10 29 0 1 0 0 0 0 1 0 
11 28 1 1 0 0 1 0 0 1 
12 22 0 1 0 0 1 1 0 0 
13 25 0 0 1 0 1 1 0 0 
14 27 0 0 0 1 1 1 1 0 
15 23 0 1 1 1 1 0 0 0 
16 32 0 0 0 0 1 0 1 1 
17 29 0 1 0 0 1 0 1 0 
18 20 1 0 0 0 1 0 1 1 
19 27 1 1 0 1 0 0 0 1 
