500 8 20
2 1 3 2 1 3 3 1 
3 3 4 3 3 5 5 3 
0 19 1 0 0 0 0 0 0 0 
1 30 0 1 0 0 0 0 0 0 
2 21 0 0 1 0 0 0 0 0 
3 23 0 0 0 1 0 0 0 0 
4 26 0 0 0 0 1 0 0 0 
5 19 0 0 0 0 0 1 0 0 
6 29 0 0 0 0 0 0 1 0 
7 27 0 0 0 0 0 0 0 1 
8 22 1 0 0 1 1 0 1 1 
9 24 0 0 0 1 0 0 1 1 
10 25 0 1 0 0 1 1 1 1 
11 29 1 0 0 0 0 1 1 0 
12 29 1 1 0 0 1 0 0 1 
13 23 0 0 0 1 0 1 1 0 
14 32 1 0 1 1 0 0 0 0 
15 24 1 1 1 0 1 0 1 0 
16 25 0 0 0 0 0 1 1 1 
17 26 1 0 0 0 1 1 1 0 
18 25 1 1 0 0 0 1 1 0 
19 22 0 1 0 0 0 0 1 0 
