500 10 25
1 1 3 1 2 2 1 1 3 2
3 3 4 2 4 3 3 3 4 3
0 19 1 0 1 0 0 0 0 0 1 1
1 34 0 1 1 0 0 0 0 0 1 0
2 9 1 1 1 0 0 1 0 1 1 1
3 27 0 0 1 0 0 1 1 1 1 1
4 18 0 0 1 1 0 1 0 0 1 1
5 27 1 0 0 0 0 1 0 0 0 0
6 3 1 0 1 0 0 1 1 1 1 1
7 19 1 0 1 0 0 1 0 0 1 1
8 44 0 0 0 0 1 1 0 0 1 0
9 12 0 0 0 1 0 1 0 1 1 1
10 45 0 0 1 0 0 0 0 0 0 0
11 7 0 0 1 0 1 1 0 1 0 0
12 31 0 0 1 1 1 1 1 0 1 1
13 2 0 0 1 1 0 0 1 0 1 1
14 10 0 0 1 1 1 0 1 0 0 1
15 22 0 0 0 1 0 1 1 1 1 1
16 3 1 0 1 1 1 1 0 1 1 1
17 62 0 1 0 1 0 0 0 1 1 0
18 53 0 0 1 1 0 1 1 0 0 0
19 29 0 0 0 0 1 1 0 0 1 1
20 6 0 0 1 1 0 0 0 1 1 1
21 6 0 0 0 0 0 1 1 0 1 1
22 9 1 0 0 1 0 1 1 1 1 0
23 1 0 1 1 0 0 1 0 0 1 0
24 2 1 1 1 1 1 0 0 0 1 1
