300 10 25
2 1 2 3 3 2 3 1 2 3
3 2 3 5 4 4 4 3 3 4
0 16 1 1 1 1 1 0 1 0 1 0
1 8 1 0 1 0 0 0 0 0 0 1
2 3 1 0 1 0 0 1 0 0 0 1
3 15 1 1 1 0 1 1 0 1 1 1
4 5 1 0 1 1 1 0 1 0 1 1
5 36 1 0 1 0 1 0 1 0 0 1
6 2 1 0 1 0 1 0 0 0 0 1
7 3 0 0 0 0 1 0 1 1 1 0
8 7 0 0 0 0 0 0 0 0 1 0
9 1 1 1 1 0 1 1 1 1 0 1
10 5 1 0 0 0 1 1 1 0 1 0
11 48 0 0 0 0 0 1 0 0 1 0
12 5 1 1 1 1 1 0 0 0 0 1
13 7 0 1 1 1 1 0 1 0 1 1
14 7 0 0 0 0 1 1 0 0 0 1
15 8 0 1 0 0 0 0 1 0 1 1
16 9 1 0 1 0 0 0 1 1 1 0
17 9 0 0 1 1 1 0 1 1 1 1
18 19 0 0 1 1 0 1 1 0 0 1
19 1 1 0 1 0 1 1 1 0 1 1
20 10 0 1 0 0 1 1 1 0 0 1
21 12 0 1 0 0 1 0 1 0 1 1
22 15 1 1 1 1 1 0 1 1 0 1
23 11 1 1 0 1 1 1 1 0 1 1
24 38 1 0 0 1 0 0 1 0 1 0
