300 10 25
3 3 2 3 1 3 3 1 1 1
5 5 4 4 3 4 4 2 2 2
0 12 0 0 0 0 0 1 0 0 0 0
1 5 0 1 0 1 1 1 1 1 1 0
2 45 0 0 0 0 0 0 0 0 0 1
3 3 0 0 1 1 0 0 1 0 0 1
4 2 1 1 1 1 0 1 0 0 1 1
5 9 0 0 0 1 1 1 1 0 1 0
6 2 0 0 1 0 0 0 0 0 0 0
7 1 0 1 0 1 0 1 1 1 0 0
8 27 0 0 0 1 0 0 0 0 0 0
9 4 0 0 0 0 1 0 0 0 0 0
10 1 0 1 0 1 1 1 1 0 1 1
11 45 0 0 0 0 0 0 0 1 0 0
12 8 0 0 0 0 0 0 1 0 0 0
13 3 1 0 0 0 0 0 0 0 0 0
14 4 1 1 1 1 0 1 1 0 0 1
15 6 1 0 1 1 0 1 1 0 1 0
16 8 1 0 0 1 0 0 1 1 0 0
17 4 1 1 1 0 0 1 1 0 1 0
18 1 1 1 0 1 0 0 1 0 0 0
19 19 0 0 0 0 0 0 0 0 1 0
20 39 1 1 1 1 0 1 1 0 1 0
21 3 0 1 1 1 0 1 1 1 0 1
22 15 1 1 1 1 1 0 1 1 0 0
23 4 1 0 1 1 0 1 1 0 0 0
24 30 0 1 0 0 0 0 0 0 0 0
