500 10 25
3 1 3 2 3 2 2 2 2 1
5 2 4 3 5 3 3 4 3 2
0 37 1 0 0 0 0 0 0 0 0 0
1 67 0 0 0 0 1 0 0 0 0 0
2 83 0 0 0 0 0 1 0 0 0 0
3 20 1 0 1 1 0 1 0 0 0 0
4 9 0 1 1 1 1 0 1 1 1 1
5 7 1 0 1 0 1 0 0 0 0 0
6 9 1 1 1 0 1 0 1 0 0 1
7 36 0 1 1 1 1 1 1 1 1 1
8 16 0 0 0 0 0 0 0 1 0 0
9 15 0 0 1 1 1 0 1 0 1 1
10 8 1 1 1 0 0 1 1 0 0 0
11 2 1 1 1 1 1 1 1 1 0 1
12 11 1 0 0 1 1 0 1 0 1 0
13 10 1 1 1 1 1 0 1 1 1 1
14 56 0 0 1 0 0 0 0 0 0 0
15 16 1 1 0 1 0 1 1 0 1 1
16 7 0 0 0 1 0 0 0 0 0 0
17 26 1 0 1 0 0 0 1 1 1 0
18 1 0 0 0 0 0 0 0 0 1 0
19 6 1 0 1 1 1 0 1 1 1 1
20 48 0 1 0 0 0 0 0 0 0 0
21 1 0 0 0 0 0 0 0 0 0 1
22 6 0 0 0 0 0 0 1 0 0 0
23 2 0 1 1 0 1 1 1 1 0 0
24 1 1 1 0 1 1 1 0 0 1 0
