500 10 25
5 2 2 2 4 5 2 3 2 3
6 4 3 3 6 7 3 4 3 4
0 39 0 0 0 0 0 0 0 0 0 1
1 29 1 1 1 1 1 1 1 1 1 0
2 1 1 1 0 1 1 1 1 1 0 1
3 10 0 0 0 0 0 0 0 0 1 0
4 1 1 0 0 1 1 1 1 0 0 1
5 7 1 0 0 1 0 0 0 0 1 1
6 9 1 1 1 0 0 1 1 1 1 1
7 97 0 0 0 0 0 1 0 0 0 0
8 15 0 0 0 0 0 0 1 0 0 0
9 44 1 0 0 0 0 0 0 0 0 0
10 2 1 0 0 0 1 1 1 0 1 1
11 18 0 0 0 0 1 0 0 0 0 0
12 2 1 1 1 0 0 0 1 1 0 1
13 19 0 0 1 0 0 1 0 0 1 1
14 12 0 0 1 0 0 0 0 0 0 0
15 22 0 0 0 1 0 0 0 0 0 0
16 5 0 1 0 0 0 0 0 0 0 0
17 60 1 0 1 1 0 0 1 0 1 1
18 10 1 0 0 1 1 1 1 1 1 1
19 33 1 0 1 1 1 0 1 1 1 0
20 5 0 0 0 0 0 0 0 1 0 0
21 36 0 0 0 0 1 0 0 1 0 1
22 6 1 0 0 1 1 1 1 1 0 0
23 14 1 1 1 1 1 1 1 1 1 1
24 4 1 1 1 1 1 1 0 0 0 1
