300 10 25
5 3 3 2 3 2 3 4 5 5
6 4 5 3 4 3 5 5 7 7
0 2 1 1 1 1 1 0 0 1 1 1
1 6 1 1 1 0 0 0 1 0 1 1
2 29 0 0 0 0 0 0 0 0 0 1
3 1 1 0 1 0 1 0 1 1 0 1
4 2 1 0 1 1 1 1 1 1 0 1
5 23 1 0 0 0 0 0 0 0 0 0
6 5 1 0 0 0 1 1 1 1 0 0
7 36 0 0 0 0 0 0 0 1 0 0
8 16 1 0 1 1 1 0 1 1 1 1
9 24 0 0 0 0 0 0 0 0 1 0
10 8 1 1 1 1 1 1 1 1 1 1
11 1 1 1 1 1 1 1 1 1 0 1
12 9 0 1 0 0 0 0 0 0 0 0
13 15 0 0 1 0 0 0 0 0 0 0
14 18 1 1 0 1 1 0 1 1 1 1
15 1 1 1 1 0 1 1 1 0 0 0
16 12 1 1 1 1 1 1 1 1 1 0
17 4 1 0 0 0 1 1 1 1 1 1
18 22 1 1 0 0 1 1 0 0 1 1
19 3 0 1 1 1 1 1 0 1 1 1
20 7 0 0 0 0 1 0 0 0 0 0
21 7 0 0 0 0 0 0 1 0 0 0
22 39 0 0 0 1 0 0 0 0 0 0
23 4 1 1 1 0 0 0 0 1 1 1
24 6 0 0 0 0 0 1 0 0 0 0
