300 10 25
3 2 2 3 3 4 3 4 3 3
4 3 4 5 4 5 4 5 5 4
0 12 1 1 1 0 1 1 0 1 1 0
1 9 0 0 0 0 0 0 0 0 0 1
2 14 1 0 0 0 0 0 0 0 0 0
3 13 1 0 1 1 1 1 1 1 1 1
4 3 0 1 1 0 1 1 1 1 0 1
5 7 0 0 0 0 0 0 0 1 0 0
6 20 1 0 0 1 0 1 1 0 1 1
7 24 0 0 0 0 0 0 0 0 1 0
8 9 1 0 1 0 1 1 0 1 0 1
9 5 1 1 1 1 1 1 1 1 1 1
10 7 1 1 0 0 1 0 0 1 1 1
11 4 1 1 1 0 0 0 0 1 0 1
12 3 1 1 0 0 0 1 1 0 0 1
13 2 1 1 0 0 1 1 1 1 1 0
14 22 0 1 0 0 0 0 0 0 0 0
15 12 0 0 1 0 0 0 0 0 0 0
16 3 1 0 1 1 1 1 1 0 1 1
17 1 1 1 0 1 0 1 0 1 1 1
18 14 1 1 1 0 0 1 1 1 1 1
19 50 0 0 0 0 1 0 0 0 0 0
20 5 0 0 1 1 1 1 1 1 0 0
21 6 1 0 1 0 1 1 1 1 0 1
22 1 0 0 0 0 0 0 1 0 0 0
23 14 0 0 0 1 0 0 0 0 0 0
24 40 0 0 0 0 0 1 0 0 0 0
