Version identifier: 22.1.0.0 | 2022-03-09 | 1a383f8ce
CPXPARAM_Threads                                 1
CPXPARAM_MIP_Strategy_VariableSelect             3
CPXPARAM_TimeLimit                               599.99434411799996
Tried aggregator 1 time.
MIP Presolve eliminated 19 rows and 0 columns.
Reduced MIP has 2401 rows, 6000 columns, and 60132 nonzeros.
Reduced MIP has 6000 binaries, 0 generals, 0 SOSs, and 0 indicators.
Presolve time = 0.04 sec. (28.14 ticks)
Probing time = 0.01 sec. (3.75 ticks)
Tried aggregator 1 time.
Detecting symmetries...
Reduced MIP has 2401 rows, 6000 columns, and 60132 nonzeros.
Reduced MIP has 6000 binaries, 0 generals, 0 SOSs, and 0 indicators.
Presolve time = 0.04 sec. (35.46 ticks)
Probing time = 0.01 sec. (3.75 ticks)
Clique table members: 1492.
MIP emphasis: balance optimality and feasibility.
MIP search method: dynamic search.
Parallel mode: none, using 1 thread.
Root relaxation solution time = 0.54 sec. (500.53 ticks)

        Nodes                                         Cuts/
   Node  Left     Objective  IInf  Best Integer    Best Bound    ItCnt     Gap

      0     0        0.0000  1024                      0.0000     2840         
      0     0        0.0000   120                     Cuts: 3     3524         
      0     0        0.0000   283                    Cuts: 98     4420         
      0     0        0.0000   264                     Cuts: 9     5860         
      0     0        0.0000   188                     Cuts: 8     6423         
      0     0        0.0000   292                    Cuts: 49     8021         
      0     2        0.0000   130                      0.0000     8021         
Elapsed time = 26.65 sec. (24907.22 ticks, tree = 0.01 MB, solutions = 0)
      1     3        0.0000   370                      0.0000    15080         
      2     4        0.0000   230                      0.0000    16897         
      3     5        0.0000   179                      0.0000    17321         
      4     6        0.0000   222                      0.0000    17575         
      6     8        0.0000   188                      0.0000    17680         
      7     9        0.0000   184                      0.0000    18565         
      8    10        0.0000   256                      0.0000    18789         
      9    11        0.0000   201                      0.0000    18985         
     10    12        0.0000   217                      0.0000    19656         
     15    17        0.0000   194                      0.0000    19945         
Elapsed time = 32.90 sec. (30770.75 ticks, tree = 0.26 MB, solutions = 0)
     20    22        0.0000   171                      0.0000    21743         
     25    27        0.0000   191                      0.0000    23262         
     29    31        0.0000   209                      0.0000    24993         
     35    37        0.0000   240                      0.0000    27580         
     41    43        0.0000   223                      0.0000    29094         
     47    49        0.0000   202                      0.0000    32531         
     53    55        0.0000   206                      0.0000    35201         
     58    60        0.0000   308                      0.0000    41728         
     62    64        0.0000   211                      0.0000    44564         
     67    69        0.0000   232                      0.0000    47411         
Elapsed time = 45.08 sec. (41762.05 ticks, tree = 1.37 MB, solutions = 0)
     71    73        0.0000   274                      0.0000    51296         
     76    78        0.0000   340                      0.0000    56625         
     80    82        0.0000   341                      0.0000    60612         
     85    87        0.0000   280                      0.0000    63445         
     89    91        0.0000   279                      0.0000    68905         
     93    95        0.0000   259                      0.0000    71688         
     96    98        0.0000   281                      0.0000    76472         
    100   102        0.0000   329                      0.0000    83087         
    104   106        0.0000   432                      0.0000    86106         
    109   111        0.0000   206                      0.0000    88625         
Elapsed time = 59.18 sec. (54269.21 ticks, tree = 2.20 MB, solutions = 0)
    114   116        0.0000   225                      0.0000    89502         
    119   121        0.0000   235                      0.0000    94546         
    124   126        0.0000   208                      0.0000    99618         
    125   127        0.0000   197                      0.0000   106658         
    126   128        0.0000   368                      0.0000   110742         
    129   131        0.0000   292                      0.0000   114492         
    131   133        0.0000   200                      0.0000   119642         
    132   134        0.0000   523                      0.0000   127540         
    135   137        0.0000   485                      0.0000   131152         
    138   140        0.0000   265                      0.0000   133273         
Elapsed time = 73.47 sec. (67237.15 ticks, tree = 2.48 MB, solutions = 0)
    140   142        0.0000   265                      0.0000   139341         
    142   144        0.0000   340                      0.0000   147027         
    146   148        0.0000   235                      0.0000   154046         
    151   153        0.0000   311                      0.0000   161947         
    155   157        0.0000   273                      0.0000   167351         
    159   161        0.0000   287                      0.0000   173187         
    160   162        0.0000   344                      0.0000   182324         
    162   164        0.0000   340                      0.0000   186403         
    164   166        0.0000   234                      0.0000   191134         
    166   168        0.0000   261                      0.0000   200198         
Elapsed time = 92.15 sec. (83511.96 ticks, tree = 2.98 MB, solutions = 0)
    170   172        0.0000   282                      0.0000   209199         
    172   174        0.0000   333                      0.0000   218311         
    175   177        0.0000   371                      0.0000   228487         
    177   179        0.0000   456                      0.0000   233808         
    180   182        0.0000   163                      0.0000   236049         
    181   183        0.0000   334                      0.0000   239854         
    183   185        0.0000   338                      0.0000   252092         
    185   187        0.0000   277                      0.0000   258767         
    187   189        0.0000   330                      0.0000   262680         
    189   191        0.0000   322                      0.0000   267584         
Elapsed time = 107.44 sec. (96974.45 ticks, tree = 3.40 MB, solutions = 0)
    191   193        0.0000   346                      0.0000   281035         
    195   197        0.0000   151                      0.0000   283906         
    197   199        0.0000   328                      0.0000   287066         
    199   201        0.0000   334                      0.0000   292238         
    200   202        0.0000   201                      0.0000   295234         
    201   203        0.0000   343                      0.0000   299146         
    203   205        0.0000   190                      0.0000   302395         
    204   206        0.0000   321                      0.0000   305811         
    206   208        0.0000   343                      0.0000   313806         
    208   210        0.0000   389                      0.0000   325431         
Elapsed time = 121.68 sec. (109685.73 ticks, tree = 3.72 MB, solutions = 0)
    210   212        0.0000   336                      0.0000   333941         
    212   214        0.0000   344                      0.0000   337650         
    214   216        0.0000   411                      0.0000   342115         
    216   218        0.0000   412                      0.0000   348505         
    218   220        0.0000   437                      0.0000   353276         
    222   224        0.0000   339                      0.0000   362115         
    227   229        0.0000   338                      0.0000   365780         
    231   233        0.0000   293                      0.0000   376392         
    234   236        0.0000   250                      0.0000   387258         
    239   239        0.0000   228                      0.0000   396619         
Elapsed time = 135.99 sec. (122063.76 ticks, tree = 3.80 MB, solutions = 0)
    244   240    infeasible                            0.0000   407622         
    249   241        0.0000   220                      0.0000   418339         
    254   242    infeasible                            0.0000   429048         
    260   242    infeasible                            0.0000   444120         
    266   242    infeasible                            0.0000   460631         
    268   242    infeasible                            0.0000   472160         
    274   242    infeasible                            0.0000   483816         
    278   244        0.0000   227                      0.0000   495570         
    282   244    infeasible                            0.0000   512879         
    287   245        0.0000   210                      0.0000   524056         
Elapsed time = 149.76 sec. (133024.69 ticks, tree = 3.81 MB, solutions = 0)
    292   246        0.0000   200                      0.0000   537362         
    296   246        0.0000   223                      0.0000   551766         
    300   246    infeasible                            0.0000   572433         
    302   245    infeasible                            0.0000   586942         
    303   246        0.0000   254                      0.0000   589925         
    306   249        0.0000   210                      0.0000   593235         
    309   252        0.0000   232                      0.0000   599820         
    312   255        0.0000   207                      0.0000   603059         
    314   257        0.0000   396                      0.0000   612048         
    324   267        0.0000   359                      0.0000   642394         
Elapsed time = 169.58 sec. (149828.37 ticks, tree = 3.86 MB, solutions = 0)
    331   274        0.0000   244                      0.0000   657273         
    337   278        0.0000   341                      0.0000   680130         
    343   278    infeasible                            0.0000   698126         
    353   282        0.0000   340                      0.0000   722787         
    359   284    infeasible                            0.0000   751128         
    365   286    infeasible                            0.0000   780669         
    371   292        0.0000   367                      0.0000   799035         
    377   298        0.0000   360                      0.0000   826010         
    385   302    infeasible                            0.0000   848222         
    390   305        0.0000   378                      0.0000   869008         
Elapsed time = 218.78 sec. (193642.93 ticks, tree = 4.09 MB, solutions = 0)
    402   315        0.0000   215                      0.0000   901099         
    414   321        0.0000   370                      0.0000   945949         
    430   321        0.0000   359                      0.0000   994329         
    445   320    infeasible                            0.0000  1044744         
    452   325        0.0000   403                      0.0000  1081244         
    458   331        0.0000   397                      0.0000  1106864         
    466   339        0.0000   379                      0.0000  1119975         
    475   348        0.0000   265                      0.0000  1130281         
    482   355        0.0000   330                      0.0000  1143583         
    489   362        0.0000   313                      0.0000  1154650         
Elapsed time = 267.88 sec. (235780.34 ticks, tree = 5.17 MB, solutions = 0)
    495   368        0.0000   413                      0.0000  1172756         
    510   379        0.0000   248                      0.0000  1204370         
    524   387        0.0000   230                      0.0000  1238850         
    540   389        0.0000   222                      0.0000  1285598         
    557   392    infeasible                            0.0000  1333641         
    572   395        0.0000   199                      0.0000  1376970         
    593   396        0.0000   308                      0.0000  1423723         
    607   410        0.0000   486                      0.0000  1438756         
    624   427        0.0000   402                      0.0000  1447027         
    640   443        0.0000   360                      0.0000  1459209         
Elapsed time = 316.12 sec. (275643.96 ticks, tree = 6.87 MB, solutions = 0)
    660   451    infeasible                            0.0000  1491453         
    680   453        0.0000   276                      0.0000  1536725         
    700   455        0.0000   349                      0.0000  1575634         
    718   473        0.0000   328                      0.0000  1583611         
    735   490        0.0000   341                      0.0000  1595677         
    752   507        0.0000   456                      0.0000  1607037         
    768   523        0.0000   360                      0.0000  1615908         
    786   541        0.0000   469                      0.0000  1627412         
    805   560        0.0000   416                      0.0000  1637370         
    822   577        0.0000   327                      0.0000  1651455         
Elapsed time = 361.78 sec. (315008.27 ticks, tree = 9.78 MB, solutions = 0)
    840   595        0.0000   319                      0.0000  1664985         
    858   613        0.0000   423                      0.0000  1680900         
    876   631        0.0000   378                      0.0000  1695271         
    894   649        0.0000   366                      0.0000  1709013         
    911   666        0.0000   307                      0.0000  1722727         
    928   683        0.0000   303                      0.0000  1734322         
    945   700        0.0000   336                      0.0000  1749651         
    963   718        0.0000   345                      0.0000  1764116         
    982   737        0.0000   332                      0.0000  1777427         
    999   754        0.0000   408                      0.0000  1792226         
Elapsed time = 407.24 sec. (355112.60 ticks, tree = 13.60 MB, solutions = 0)
   1005   760        0.0000   291                      0.0000  1804876         
   1015   770        0.0000   473                      0.0000  1840701         
   1022   773    infeasible                            0.0000  1881839         
   1030   779        0.0000   294                      0.0000  1911111         
   1036   779    infeasible                            0.0000  1958924         
   1043   780    infeasible                            0.0000  2007814         
   1059   790        0.0000   237                      0.0000  2044380         
   1077   792    infeasible                            0.0000  2090030         
   1092   793        0.0000   215                      0.0000  2136576         
   1109   806        0.0000   357                      0.0000  2157809         
Elapsed time = 459.14 sec. (396774.66 ticks, tree = 14.75 MB, solutions = 0)
   1123   820        0.0000   407                      0.0000  2172585         
   1136   833        0.0000   321                      0.0000  2206583         
   1159   836        0.0000   295                      0.0000  2240743         
   1182   835    infeasible                            0.0000  2286880         
   1207   836        0.0000   283                      0.0000  2328425         
   1231   836    infeasible                            0.0000  2373137         
   1253   838        0.0000   324                      0.0000  2407007         
   1271   856        0.0000   306                      0.0000  2414560         
   1290   875        0.0000   325                      0.0000  2423426         
   1309   894        0.0000   392                      0.0000  2437504         
Elapsed time = 506.41 sec. (435961.96 ticks, tree = 16.64 MB, solutions = 0)
   1328   913        0.0000   315                      0.0000  2447661         
   1348   933        0.0000   307                      0.0000  2457756         
   1364   949        0.0000   287                      0.0000  2472230         
   1381   966        0.0000   313                      0.0000  2486715         
   1401   986        0.0000   301                      0.0000  2494969         
   1418  1003        0.0000   306                      0.0000  2510214         
   1436  1021        0.0000   388                      0.0000  2524574         
   1451  1036        0.0000   342                      0.0000  2538252         
   1468  1053        0.0000   291                      0.0000  2555223         
   1481  1066        0.0000   240                      0.0000  2595619         
Elapsed time = 551.24 sec. (475378.85 ticks, tree = 20.45 MB, solutions = 0)
   1493  1078        0.0000   281                      0.0000  2637653         
   1505  1090        0.0000   294                      0.0000  2674281         
   1515  1100        0.0000   214                      0.0000  2724162         
   1524  1109        0.0000   270                      0.0000  2762139         
   1540  1113    infeasible                            0.0000  2809559         
   1557  1116        0.0000   162                      0.0000  2856294         
   1575  1122        0.0000   181                      0.0000  2893955         
   1594  1121    infeasible                            0.0000  2951334         

Clique cuts applied:  69
Zero-half cuts applied:  20
Lift and project cuts applied:  3
Gomory fractional cuts applied:  2

Root node processing (before b&c):
  Real time             =   26.62 sec. (24877.58 ticks)
Sequential b&c:
  Real time             =  573.38 sec. (487955.63 ticks)
                          ------------
Total (root+branch&cut) =  600.00 sec. (512833.22 ticks)
Primal:	1
Dual:	299
Status:	Feasible
Time:	600.045
Sequence:
	0
