Version identifier: 22.1.0.0 | 2022-03-09 | 1a383f8ce
CPXPARAM_Threads                                 1
CPXPARAM_MIP_Strategy_VariableSelect             3
CPXPARAM_TimeLimit                               599.99118563399998
Tried aggregator 1 time.
MIP Presolve eliminated 17 rows and 0 columns.
Reduced MIP has 4503 rows, 10000 columns, and 90680 nonzeros.
Reduced MIP has 10000 binaries, 0 generals, 0 SOSs, and 0 indicators.
Presolve time = 0.05 sec. (43.20 ticks)
Probing time = 0.01 sec. (4.48 ticks)
Tried aggregator 1 time.
Detecting symmetries...
Reduced MIP has 4503 rows, 10000 columns, and 90680 nonzeros.
Reduced MIP has 10000 binaries, 0 generals, 0 SOSs, and 0 indicators.
Presolve time = 0.06 sec. (54.52 ticks)
Probing time = 0.01 sec. (4.48 ticks)
Clique table members: 3489.
MIP emphasis: balance optimality and feasibility.
MIP search method: dynamic search.
Parallel mode: none, using 1 thread.
Root relaxation solution time = 5.05 sec. (4975.34 ticks)

        Nodes                                         Cuts/
   Node  Left     Objective  IInf  Best Integer    Best Bound    ItCnt     Gap

      0     0        0.0000  2269                      0.0000    11242         
      0     0        0.0000   640                    Cuts: 47    13991         
      0     0        0.0000   505                    Cuts: 85    17004         
      0     0        0.0000   172                  Cliques: 5    17598         
      0     0        0.0000   591                   Cuts: 125    22745         
      0     0        0.0000  1134                   Cuts: 100    29568         
      0     2        0.0000   123                      0.0000    29568         
Elapsed time = 145.21 sec. (142429.06 ticks, tree = 0.01 MB, solutions = 0)
      1     3        0.0000   323                      0.0000    56653         
      2     4        0.0000   188                      0.0000    59996         
      3     5        0.0000   148                      0.0000    60393         
      4     6        0.0000   143                      0.0000    63593         
      5     7        0.0000   143                      0.0000    66246         
      6     8        0.0000   658                      0.0000    71284         
      7     9        0.0000   307                      0.0000    80633         
      8    10        0.0000   133                      0.0000    81898         
      9    11        0.0000   197                      0.0000    91782         
     10    12        0.0000   489                      0.0000    93402         
Elapsed time = 176.97 sec. (173833.07 ticks, tree = 0.04 MB, solutions = 0)
     12    14        0.0000   229                      0.0000    98455         
     13    15        0.0000   203                      0.0000   107074         
     14    16        0.0000   189                      0.0000   110572         
     16    18        0.0000  1149                      0.0000   121756         
     18    20        0.0000   717                      0.0000   125075         
     20    22        0.0000   377                      0.0000   127304         
     22    24        0.0000   554                      0.0000   131330         
     23    25        0.0000   490                      0.0000   132731         
     24    26        0.0000   517                      0.0000   135743         
     27    29        0.0000   404                      0.0000   135823         
Elapsed time = 196.33 sec. (192173.77 ticks, tree = 0.10 MB, solutions = 0)
     29    31        0.0000   368                      0.0000   139250         
     30    32        0.0000   394                      0.0000   140706         
     33    35        0.0000   334                      0.0000   142392         
     35    37        0.0000   610                      0.0000   147821         
     38    40        0.0000   286                      0.0000   148601         
     41    43        0.0000   260                      0.0000   153945         
     43    45        0.0000   694                      0.0000   161116         
     45    47        0.0000   651                      0.0000   168059         
     47    49        0.0000   269                      0.0000   170790         
     49    51        0.0000   356                      0.0000   175998         
Elapsed time = 210.92 sec. (205631.02 ticks, tree = 0.19 MB, solutions = 0)
     51    53        0.0000   398                      0.0000   180395         
     54    56        0.0000   462                      0.0000   184960         
     56    58        0.0000   462                      0.0000   192395         
     59    61        0.0000   422                      0.0000   194315         
     62    64        0.0000   419                      0.0000   196360         
     65    67        0.0000   416                      0.0000   198419         
     67    69        0.0000   416                      0.0000   202086         
     69    71        0.0000   417                      0.0000   205518         
     71    73        0.0000   417                      0.0000   209154         
     74    76        0.0000   414                      0.0000   209810         
Elapsed time = 223.56 sec. (217326.03 ticks, tree = 0.30 MB, solutions = 0)
     77    79        0.0000   417                      0.0000   210720         
     80    82        0.0000   407                      0.0000   212008         
     83    85        0.0000   414                      0.0000   214456         
     86    88        0.0000   417                      0.0000   216095         
     89    91        0.0000   392                      0.0000   216618         
     92    94        0.0000   384                      0.0000   218761         
     95    97        0.0000   400                      0.0000   222097         
     98   100        0.0000   358                      0.0000   225770         
    101   103        0.0000   376                      0.0000   230456         
    103   105        0.0000   457                      0.0000   233699         
Elapsed time = 236.30 sec. (229438.82 ticks, tree = 0.42 MB, solutions = 0)
    105   107        0.0000   381                      0.0000   236693         
    107   109        0.0000   553                      0.0000   242382         
    109   111        0.0000   474                      0.0000   245447         
    111   113        0.0000   379                      0.0000   250222         
    113   115        0.0000   547                      0.0000   255263         
    116   118        0.0000   356                      0.0000   257461         
    118   120        0.0000   355                      0.0000   260314         
    119   121        0.0000   397                      0.0000   266145         
    120   122        0.0000   357                      0.0000   266158         
    121   123        0.0000   246                      0.0000   271934         
Elapsed time = 249.39 sec. (241107.62 ticks, tree = 0.51 MB, solutions = 0)
    124   126        0.0000   228                      0.0000   274236         
    126   128        0.0000   228                      0.0000   276521         
    130   132        0.0000   225                      0.0000   277507         
    132   134        0.0000   290                      0.0000   282589         
    134   136        0.0000   363                      0.0000   287155         
    138   140        0.0000   219                      0.0000   287376         
    139   141        0.0000   446                      0.0000   299899         
    140   142        0.0000   531                      0.0000   303684         
    142   144        0.0000   662                      0.0000   306245         
    144   146        0.0000   544                      0.0000   312652         
Elapsed time = 266.45 sec. (256974.42 ticks, tree = 0.61 MB, solutions = 0)
    146   148        0.0000   784                      0.0000   313416         
    147   149        0.0000   611                      0.0000   315441         
    149   151        0.0000   747                      0.0000   319407         
    152   154        0.0000   491                      0.0000   319887         
    153   155        0.0000   811                      0.0000   329349         
    156   158        0.0000   764                      0.0000   333892         
    157   159        0.0000  1000                      0.0000   345856         
    159   161        0.0000   606                      0.0000   348488         
    160   162        0.0000   540                      0.0000   348499         
    161   163        0.0000   525                      0.0000   353127         
Elapsed time = 280.53 sec. (269947.57 ticks, tree = 0.68 MB, solutions = 0)
    163   165        0.0000   581                      0.0000   357043         
    165   167        0.0000   760                      0.0000   358233         
    167   169        0.0000  1018                      0.0000   361156         
    169   171        0.0000   754                      0.0000   367475         
    171   173        0.0000  1071                      0.0000   377505         
    173   175        0.0000   904                      0.0000   387803         
    175   177        0.0000   488                      0.0000   396885         
    177   179        0.0000   546                      0.0000   400546         
    179   181        0.0000   531                      0.0000   406453         
    180   182        0.0000   888                      0.0000   416166         
Elapsed time = 298.46 sec. (286537.43 ticks, tree = 0.76 MB, solutions = 0)
    182   184        0.0000  1008                      0.0000   428659         
    184   186        0.0000   949                      0.0000   437487         
    186   188        0.0000   525                      0.0000   440925         
    188   190        0.0000   472                      0.0000   447602         
    190   192        0.0000  1070                      0.0000   459140         
    191   193        0.0000   505                      0.0000   463935         
    194   196        0.0000   497                      0.0000   466012         
    196   198        0.0000   532                      0.0000   469612         
    198   200        0.0000   502                      0.0000   474099         
    200   202        0.0000   494                      0.0000   480649         
Elapsed time = 341.93 sec. (325922.06 ticks, tree = 0.85 MB, solutions = 0)
    209   211        0.0000   465                      0.0000   491121         
    220   222        0.0000   423                      0.0000   498220         
    228   230        0.0000   427                      0.0000   515898         
    240   242        0.0000   325                      0.0000   526564         
    247   249        0.0000   598                      0.0000   542896         
    256   258        0.0000   417                      0.0000   558887         
    260   262        0.0000   782                      0.0000   568351         
    273   275        0.0000   317                      0.0000   578862         
    276   278        0.0000   817                      0.0000   603738         
    282   284        0.0000   711                      0.0000   627947         
Elapsed time = 389.02 sec. (367926.07 ticks, tree = 1.23 MB, solutions = 0)
    290   292        0.0000   775                      0.0000   655422         
    297   299        0.0000   702                      0.0000   686347         
    301   303        0.0000   637                      0.0000   700030         
    305   305        0.0000   655                      0.0000   722085         
    315   309    infeasible                            0.0000   739960         
    324   314    infeasible                            0.0000   763568         
    335   321        0.0000   512                      0.0000   777610         
    340   324        0.0000   531                      0.0000   789006         
    348   326    infeasible                            0.0000   820777         
    359   335        0.0000   502                      0.0000   837264         
Elapsed time = 441.23 sec. (412821.97 ticks, tree = 1.52 MB, solutions = 0)
    365   335    infeasible                            0.0000   880955         
    367   335        0.0000   261                      0.0000   906179         
    373   341        0.0000   266                      0.0000   922138         
    378   346        0.0000   832                      0.0000   950734         
    383   351        0.0000   315                      0.0000   971877         
    390   358        0.0000   538                      0.0000   989790         
    397   365        0.0000   398                      0.0000  1013341         
    403   371        0.0000   422                      0.0000  1020233         
    413   381        0.0000   338                      0.0000  1026350         
    422   390        0.0000   358                      0.0000  1035295         
Elapsed time = 505.92 sec. (471322.93 ticks, tree = 1.72 MB, solutions = 0)
    431   399        0.0000   341                      0.0000  1043462         
    442   410        0.0000   281                      0.0000  1050136         
    454   422        0.0000   207                      0.0000  1059860         
    466   434        0.0000   229                      0.0000  1076308         
    479   447        0.0000   199                      0.0000  1089863         
    491   459        0.0000   221                      0.0000  1106917         
    503   471        0.0000   148                      0.0000  1124416         
    511   479        0.0000   150                      0.0000  1141147         
    519   487        0.0000   227                      0.0000  1158751         
    528   496        0.0000   149                      0.0000  1169476         
Elapsed time = 548.59 sec. (511384.12 ticks, tree = 2.18 MB, solutions = 0)
    536   504        0.0000   152                      0.0000  1186878         
    547   515        0.0000   171                      0.0000  1200457         
    557   525        0.0000   238                      0.0000  1214973         
    567   535        0.0000   437                      0.0000  1235154         
    575   543        0.0000   131                      0.0000  1248139         
    588   556        0.0000   126                      0.0000  1256298         
    601   569        0.0000   118                      0.0000  1261898         
    613   581        0.0000   127                      0.0000  1272186         
    624   592        0.0000   115                      0.0000  1282012         
    629   597        0.0000   263                      0.0000  1306301         
Elapsed time = 593.44 sec. (555163.82 ticks, tree = 2.63 MB, solutions = 0)
    639   607        0.0000   139                      0.0000  1315610         

Clique cuts applied:  151
Zero-half cuts applied:  20

Root node processing (before b&c):
  Real time             =  145.15 sec. (142387.38 ticks)
Sequential b&c:
  Real time             =  454.85 sec. (419321.02 ticks)
                          ------------
Total (root+branch&cut) =  600.00 sec. (561708.40 ticks)
Primal:	1
Dual:	499
Status:	Feasible
Time:	600.05
Sequence:
	0
