Version identifier: 22.1.0.0 | 2022-03-09 | 1a383f8ce
CPXPARAM_Threads                                 1
CPXPARAM_MIP_Strategy_VariableSelect             3
CPXPARAM_TimeLimit                               599.99368227800005
Tried aggregator 1 time.
MIP Presolve eliminated 13 rows and 0 columns.
Reduced MIP has 1810 rows, 6900 columns, and 75590 nonzeros.
Reduced MIP has 6900 binaries, 0 generals, 0 SOSs, and 0 indicators.
Presolve time = 0.05 sec. (36.81 ticks)
Probing time = 0.01 sec. (6.49 ticks)
Tried aggregator 1 time.
Detecting symmetries...
Reduced MIP has 1810 rows, 6900 columns, and 75590 nonzeros.
Reduced MIP has 6900 binaries, 0 generals, 0 SOSs, and 0 indicators.
Presolve time = 0.05 sec. (45.34 ticks)
Probing time = 0.01 sec. (6.49 ticks)
Clique table members: 1196.
MIP emphasis: balance optimality and feasibility.
MIP search method: dynamic search.
Parallel mode: none, using 1 thread.
Root relaxation solution time = 1.03 sec. (1073.44 ticks)

        Nodes                                         Cuts/
   Node  Left     Objective  IInf  Best Integer    Best Bound    ItCnt     Gap

      0     0        0.0000  1235                      0.0000     4031         
      0     0        0.0000   579                    Cuts: 18     5092         
      0     0        0.0000   434                     Cuts: 4     5539         
      0     0        0.0000   626                    Cuts: 82     8617         
      0     0        0.0000   461                     Cuts: 8     9788         
      0     0        0.0000   652                    Cuts: 19    13349         
      0     2        0.0000   233                      0.0000    13349         
Elapsed time = 40.66 sec. (44676.04 ticks, tree = 0.01 MB, solutions = 0)
      2     2        0.0000   243                      0.0000    14108         
      3     2        0.0000   707                      0.0000    18655         
      4     3        0.0000   279                      0.0000    19467         
      5     4        0.0000   331                      0.0000    26707         
      6     5        0.0000   298                      0.0000    27032         
      7     6        0.0000   396                      0.0000    33909         
      8     7        0.0000   295                      0.0000    35528         
      9     8        0.0000   343                      0.0000    39689         
     10     9        0.0000   294                      0.0000    39691         
     11    10        0.0000   468                      0.0000    45088         
Elapsed time = 53.30 sec. (57714.07 ticks, tree = 0.02 MB, solutions = 0)
     13    12        0.0000   394                      0.0000    49583         
     15    14        0.0000   403                      0.0000    53344         
     17    16        0.0000   320                      0.0000    54584         
     19    18        0.0000   456                      0.0000    56605         
     20    19        0.0000   275                      0.0000    56634         
     22    21        0.0000   275                      0.0000    57868         
     25    23        0.0000   292                      0.0000    59344         
     27    25        0.0000   405                      0.0000    61858         
     29    27        0.0000   356                      0.0000    65851         
     31    28        0.0000   287                      0.0000    67754         
Elapsed time = 67.31 sec. (71807.10 ticks, tree = 0.22 MB, solutions = 0)
     33    30        0.0000   312                      0.0000    69298         
     35    32        0.0000   432                      0.0000    71502         
     38    35        0.0000   265                      0.0000    73134         
     40    36        0.0000   319                      0.0000    76483         
     42    38        0.0000   386                      0.0000    80202         
     43    38        0.0000   582                      0.0000    82053         
     45    40        0.0000   376                      0.0000    90826         
     47    41        0.0000   492                      0.0000    94040         
     49    43        0.0000   392                      0.0000    97562         
     51    45        0.0000   648                      0.0000   101615         
Elapsed time = 84.40 sec. (89361.11 ticks, tree = 0.43 MB, solutions = 0)
     53    46        0.0000   575                      0.0000   104339         
     55    48        0.0000   326                      0.0000   106546         
     56    49        0.0000   389                      0.0000   108880         
     58    50        0.0000   397                      0.0000   115689         
     60    52        0.0000  1246                      0.0000   117833         
     61    53        0.0000   887                      0.0000   120174         
     62    54        0.0000   697                      0.0000   122349         
     63    55        0.0000   680                      0.0000   126711         
     64    56        0.0000   672                      0.0000   129853         
     65    57        0.0000   699                      0.0000   131757         
Elapsed time = 97.96 sec. (103616.40 ticks, tree = 0.61 MB, solutions = 0)
     67    59        0.0000   679                      0.0000   134563         
     68    60        0.0000   688                      0.0000   136762         
     70    62        0.0000   679                      0.0000   138949         
     72    64        0.0000   738                      0.0000   142949         
     74    65        0.0000   703                      0.0000   146182         
     77    68        0.0000   681                      0.0000   148674         
     79    69        0.0000   658                      0.0000   150513         
     80    70        0.0000   661                      0.0000   153853         
     82    72        0.0000   744                      0.0000   156096         
     84    74        0.0000   664                      0.0000   160273         
Elapsed time = 117.20 sec. (122773.59 ticks, tree = 0.87 MB, solutions = 0)
     86    75        0.0000   715                      0.0000   166889         
     88    77        0.0000   624                      0.0000   170981         
     89    77        0.0000   763                      0.0000   174176         
     91    79        0.0000   731                      0.0000   177400         
     93    81        0.0000   737                      0.0000   180425         
     95    83        0.0000   697                      0.0000   184422         
     97    85        0.0000   672                      0.0000   187649         
     99    86        0.0000   861                      0.0000   190700         
    101    88        0.0000   672                      0.0000   192749         
    104    90        0.0000   741                      0.0000   195785         
Elapsed time = 135.03 sec. (140846.77 ticks, tree = 1.09 MB, solutions = 0)
    107    93        0.0000   625                      0.0000   197907         
    109    95        0.0000   774                      0.0000   200995         
    111    97        0.0000   664                      0.0000   203738         
    113    99        0.0000   749                      0.0000   205880         
    115   100        0.0000   737                      0.0000   209204         
    117   101        0.0000   674                      0.0000   211214         
    119   102        0.0000   690                      0.0000   213053         
    121   103        0.0000   581                      0.0000   215139         
    123   105        0.0000   683                      0.0000   217604         
    126   107        0.0000   592                      0.0000   218711         
Elapsed time = 148.20 sec. (153877.22 ticks, tree = 1.41 MB, solutions = 0)
    128   109        0.0000   652                      0.0000   220428         
    131   112        0.0000   676                      0.0000   222300         
    133   114        0.0000   608                      0.0000   225177         
    135   116        0.0000   609                      0.0000   227194         
    137   117        0.0000   671                      0.0000   229842         
    139   119        0.0000   658                      0.0000   232737         
    140   120        0.0000   583                      0.0000   232748         
    142   121        0.0000   556                      0.0000   235085         
    143   122        0.0000   616                      0.0000   237702         
    145   123        0.0000   621                      0.0000   239312         
Elapsed time = 160.64 sec. (165880.27 ticks, tree = 1.67 MB, solutions = 0)
    147   125        0.0000   614                      0.0000   242458         
    149   127        0.0000   643                      0.0000   245265         
    150   128        0.0000   551                      0.0000   245275         
    152   129        0.0000   530                      0.0000   247534         
    153   129        0.0000   668                      0.0000   250627         
    155   130        0.0000   621                      0.0000   252451         
    157   131        0.0000   678                      0.0000   254588         
    159   133        0.0000   673                      0.0000   256957         
    160   134        0.0000   511                      0.0000   257038         
    162   136        0.0000   526                      0.0000   259084         
Elapsed time = 177.59 sec. (182122.95 ticks, tree = 1.89 MB, solutions = 0)
    164   138        0.0000   523                      0.0000   261782         
    168   141        0.0000   507                      0.0000   262720         
    170   143        0.0000   546                      0.0000   264780         
    173   146        0.0000   605                      0.0000   268356         
    176   147        0.0000   561                      0.0000   272186         
    178   149        0.0000   561                      0.0000   273576         
    180   151        0.0000   525                      0.0000   273760         
    183   154        0.0000   557                      0.0000   277372         
    185   156        0.0000   603                      0.0000   280331         
    193   163        0.0000   591                      0.0000   289897         
Elapsed time = 194.97 sec. (198635.46 ticks, tree = 2.36 MB, solutions = 0)
    202   171        0.0000   562                      0.0000   297782         
    207   174        0.0000   661                      0.0000   307100         
    215   181        0.0000   463                      0.0000   315395         
    220   186        0.0000   587                      0.0000   324434         
    227   192        0.0000   439                      0.0000   333506         
    233   197        0.0000   604                      0.0000   343028         
    241   204        0.0000   589                      0.0000   350440         
    250   213        0.0000   539                      0.0000   359027         
    258   221        0.0000   649                      0.0000   369770         
    265   227        0.0000   374                      0.0000   377658         
Elapsed time = 237.83 sec. (239410.14 ticks, tree = 3.45 MB, solutions = 0)
    273   233        0.0000   421                      0.0000   386970         
    281   240        0.0000   510                      0.0000   398232         
    289   248        0.0000   472                      0.0000   410292         
    296   255        0.0000   701                      0.0000   420541         
    300   258        0.0000   595                      0.0000   427141         
    313   269        0.0000   395                      0.0000   437410         
    322   276        0.0000   366                      0.0000   451140         
    332   284        0.0000   380                      0.0000   462454         
    340   288        0.0000   624                      0.0000   475091         
    347   293        0.0000   489                      0.0000   485803         
Elapsed time = 285.66 sec. (284579.81 ticks, tree = 4.58 MB, solutions = 0)
    357   298        0.0000   391                      0.0000   495095         
    369   303        0.0000   599                      0.0000   503843         
    379   311        0.0000   425                      0.0000   515219         
    392   319        0.0000   353                      0.0000   523624         
    402   324        0.0000   515                      0.0000   535720         
    410   328        0.0000   552                      0.0000   549809         
    420   336        0.0000   500                      0.0000   564853         
    432   344        0.0000   328                      0.0000   577837         
    441   349        0.0000   519                      0.0000   591140         
    450   354        0.0000   517                      0.0000   603938         
Elapsed time = 330.96 sec. (325637.47 ticks, tree = 5.63 MB, solutions = 0)
    459   360        0.0000   496                      0.0000   617183         
    471   367        0.0000   313                      0.0000   628531         
    480   373        0.0000   329                      0.0000   643536         
    490   381        0.0000   438                      0.0000   655983         
    494   380        0.0000   394                      0.0000   668280         
    499   384        0.0000   377                      0.0000   675898         
    505   389        0.0000   373                      0.0000   683914         
    510   393        0.0000   461                      0.0000   691427         
    515   398        0.0000   815                      0.0000   697739         
    520   403        0.0000   395                      0.0000   703114         
Elapsed time = 374.68 sec. (367775.71 ticks, tree = 6.48 MB, solutions = 0)
    526   409        0.0000   330                      0.0000   710575         
    533   413        0.0000   471                      0.0000   719372         
    539   418        0.0000   570                      0.0000   725595         
    545   421        0.0000   600                      0.0000   733947         
    552   426        0.0000   458                      0.0000   739461         
    559   433        0.0000   488                      0.0000   745183         
    565   439        0.0000   424                      0.0000   751970         
    571   444        0.0000   502                      0.0000   761120         
    579   450        0.0000   502                      0.0000   766957         
    586   456        0.0000   568                      0.0000   773662         
Elapsed time = 417.60 sec. (410343.43 ticks, tree = 7.40 MB, solutions = 0)
    592   462        0.0000   545                      0.0000   781335         
    599   468        0.0000   599                      0.0000   789460         
    607   474        0.0000   427                      0.0000   795932         
    615   481        0.0000   519                      0.0000   805184         
    624   490        0.0000   412                      0.0000   813048         
    635   500        0.0000   382                      0.0000   818477         
    643   506        0.0000   469                      0.0000   826531         
    654   514        0.0000   408                      0.0000   834502         
    663   520        0.0000   476                      0.0000   845078         
    676   532        0.0000   389                      0.0000   853719         
Elapsed time = 460.81 sec. (450981.35 ticks, tree = 8.73 MB, solutions = 0)
    686   540        0.0000   401                      0.0000   868295         
    696   542        0.0000   523                      0.0000   883356         
    702   548        0.0000   355                      0.0000   888193         
    710   555        0.0000   393                      0.0000   893687         
    719   563        0.0000   329                      0.0000   897886         
    725   569        0.0000   297                      0.0000   902392         
    730   574        0.0000   621                      0.0000   909864         
    736   578        0.0000   452                      0.0000   917145         
    743   585        0.0000   461                      0.0000   923484         
    751   592        0.0000   312                      0.0000   929893         
Elapsed time = 502.98 sec. (491972.17 ticks, tree = 9.77 MB, solutions = 0)
    756   595        0.0000   671                      0.0000   940483         
    762   600        0.0000   461                      0.0000   949891         
    772   607        0.0000   294                      0.0000   957021         
    780   613        0.0000   693                      0.0000   966987         
    791   621        0.0000   291                      0.0000   972583         
    799   627        0.0000   334                      0.0000   980989         
    805   633        0.0000   411                      0.0000   990597         
    815   642        0.0000   431                      0.0000   998524         
    822   648        0.0000   631                      0.0000  1009806         
    829   653        0.0000   309                      0.0000  1017447         
Elapsed time = 546.49 sec. (534040.89 ticks, tree = 10.83 MB, solutions = 0)
    839   660        0.0000   324                      0.0000  1023765         
    849   668        0.0000   491                      0.0000  1032100         
    858   675        0.0000   507                      0.0000  1042093         
    866   681        0.0000   289                      0.0000  1050740         
    876   690        0.0000   407                      0.0000  1058871         
    883   694        0.0000   470                      0.0000  1066943         
    892   701        0.0000   444                      0.0000  1075806         
    903   711        0.0000   428                      0.0000  1082431         
    913   718        0.0000   381                      0.0000  1091892         
    924   726        0.0000   428                      0.0000  1100416         
Elapsed time = 590.47 sec. (575698.70 ticks, tree = 12.08 MB, solutions = 0)
    931   732        0.0000   322                      0.0000  1113340         
    942   741        0.0000   364                      0.0000  1124062         

Clique cuts applied:  47
Zero-half cuts applied:  30

Root node processing (before b&c):
  Real time             =   40.55 sec. (44587.30 ticks)
Sequential b&c:
  Real time             =  559.44 sec. (539566.42 ticks)
                          ------------
Total (root+branch&cut) =  599.99 sec. (584153.72 ticks)
Primal:	1
Dual:	300
Status:	Feasible
Time:	600.038
Sequence:
	0
