Version identifier: 22.1.0.0 | 2022-03-09 | 1a383f8ce
CPXPARAM_Threads                                 1
CPXPARAM_MIP_Strategy_VariableSelect             3
CPXPARAM_TimeLimit                               599.97448027799999
Tried aggregator 1 time.
MIP Presolve eliminated 24 rows and 0 columns.
MIP Presolve modified 6 coefficients.
Reduced MIP has 5501 rows, 12500 columns, and 168215 nonzeros.
Reduced MIP has 12500 binaries, 0 generals, 0 SOSs, and 0 indicators.
Presolve time = 0.11 sec. (84.07 ticks)
Found incumbent of value 0.000000 after 0.39 sec. (253.82 ticks)

Root node processing (before b&c):
  Real time             =    0.39 sec. (254.31 ticks)
Sequential b&c:
  Real time             =    0.00 sec. (0.00 ticks)
                          ------------
Total (root+branch&cut) =    0.39 sec. (254.31 ticks)
Primal:	500
Dual:	500
Status:	Optimal
Time:	0.519126
Sequence:
	9
	11
	12
	13
	9
	17
	22
	0
	12
	22
	4
	12
	4
	14
	12
	22
	24
	9
	22
	13
	10
	21
	14
	22
	17
	8
	14
	22
	11
	17
	12
	22
	14
	17
	4
	24
	11
	17
	24
	6
	4
	19
	8
	17
	14
	24
	22
	24
	10
	14
	11
	9
	17
	4
	22
	4
	12
	8
	19
	2
	24
	6
	13
	17
	22
	4
	24
	0
	17
	14
	9
	4
	14
	24
	8
	11
	13
	17
	9
	22
	14
	4
	8
	14
	24
	11
	14
	9
	12
	22
	17
	11
	14
	22
	12
	17
	14
	12
	9
	11
	20
	13
	3
	4
	11
	0
	9
	11
	24
	14
	8
	4
	11
	17
	2
	22
	9
	14
	17
	11
	22
	8
	3
	14
	24
	11
	14
	17
	8
	14
	24
	11
	4
	8
	21
	3
	17
	24
	13
	19
	17
	20
	0
	22
	13
	12
	0
	7
	14
	12
	9
	12
	11
	17
	21
	14
	9
	22
	4
	14
	15
	21
	9
	12
	0
	14
	0
	15
	9
	14
	10
	11
	22
	12
	13
	11
	4
	15
	9
	11
	12
	4
	11
	17
	14
	11
	12
	17
	14
	8
	12
	13
	11
	17
	14
	22
	9
	13
	20
	24
	24
	14
	17
	11
	24
	13
	12
	9
	19
	12
	14
	21
	15
	4
	14
	22
	8
	13
	21
	17
	22
	13
	11
	17
	6
	9
	15
	24
	11
	3
	14
	17
	24
	9
	14
	11
	24
	14
	4
	11
	11
	10
	14
	3
	5
	14
	9
	22
	13
	17
	15
	4
	2
	11
	8
	14
	0
	12
	22
	14
	8
	4
	24
	6
	2
	4
	9
	12
	18
	17
	21
	14
	0
	9
	23
	14
	3
	17
	3
	15
	4
	9
	21
	17
	14
	4
	22
	17
	20
	14
	12
	11
	2
	24
	17
	3
	9
	22
	14
	17
	9
	2
	3
	17
	9
	13
	24
	19
	20
	3
	4
	24
	15
	9
	3
	14
	17
	3
	4
	3
	9
	12
	13
	0
	22
	14
	15
	11
	2
	9
	4
	4
	22
	22
	14
	12
	21
	12
	3
	15
	11
	11
	17
	4
	1
	22
	14
	22
	17
	21
	0
	19
	22
	6
	11
	12
	0
	15
	3
	24
	12
	17
	24
	14
	9
	12
	15
	14
	4
	22
	12
	17
	8
	14
	11
	11
	4
	14
	17
	11
	14
	22
	9
	24
	22
	13
	9
	15
	0
	4
	19
	14
	4
	16
	11
	21
	4
	15
	13
	17
	11
	3
	1
	22
	13
	11
	17
	8
	12
	22
	17
	11
	13
	11
	17
	15
	14
	9
	17
	11
	22
	14
	11
	12
	17
	11
	20
	19
	14
	17
	15
	22
	0
	20
	17
	11
	15
	12
	11
	8
	4
	24
	21
	11
	17
	13
	12
	9
	2
	17
	15
	14
	4
	9
	11
	11
	19
	14
	4
	19
	22
	5
	4
	11
	3
	22
	10
	9
	2
	15
	17
	14
	3
	3
	11
	9
	13
	12
	24
	14
	9
	12
	14
	11
	8
	24
	13
	12
	17
	11
	14
	8
	4
	3
	14
	12
	11
	17
	8
	14
