337
10
4
6
0
1
4
5
0
1
4
6
0
5
4
10
4
6
9
5
9
10
4
6
9
5
0
5
9
5
9
6
9
5
0
6
4
1
4
5
9
5
0
10
9
6
9
5
9
6
9
11
4
6
9
5
0
6
4
10
9
5
9
10
0
6
4
10
0
10
4
6
9
1
0
1
9
1
0
6
9
5
0
6
4
10
4
6
9
5
4
11
0
5
9
6
4
10
0
6
9
10
0
6
4
1
9
6
4
10
4
6
0
1
4
6
9
1
4
5
9
5
0
10
9
6
0
5
9
6
4
10
9
6
0
1
9
1
0
6
4
10
4
6
9
1
9
6
9
10
0
6
9
10
4
6
9
5
0
6
9
1
9
6
0
5
4
1
0
1
9
6
9
1
9
6
9
5
0
6
4
10
9
5
4
1
4
5
0
6
9
1
0
5
9
6
9
10
0
6
9
10
9
6
9
5
0
6
9
5
0
6
4
1
0
6
4
10
9
6
9
5
9
6
9
1
4
5
0
6
9
5
9
6
4
1
4
1
9
6
0
5
9
5
0
6
9
5
9
6
0
10
9
1
0
6
9
1
0
5
9
6
9
5
0
5
4
10
4
5
9
6
9
10
9
10
9
6
0
1
9
10
4
6
9
5
9
6
4
10
0
6
4
10
9
6
0
5
9
6
0
10
4
5
0
6
4
1
4
6
0
5
9
6
9
5
9
6
0
1
9
6
9
1
4
6
9
1
5
6
9
5
5
1
4
5
10
5
