Version identifier: 22.1.0.0 | 2022-03-09 | 1a383f8ce
CPXPARAM_Threads                                 1
CPXPARAM_MIP_Strategy_VariableSelect             3
CPXPARAM_TimeLimit                               599.98269669700005
Tried aggregator 1 time.
MIP Presolve eliminated 16 rows and 0 columns.
Reduced MIP has 4004 rows, 10000 columns, and 86688 nonzeros.
Reduced MIP has 10000 binaries, 0 generals, 0 SOSs, and 0 indicators.
Presolve time = 0.06 sec. (41.24 ticks)
Probing time = 0.01 sec. (4.48 ticks)
Tried aggregator 1 time.
Detecting symmetries...
Reduced MIP has 4004 rows, 10000 columns, and 86688 nonzeros.
Reduced MIP has 10000 binaries, 0 generals, 0 SOSs, and 0 indicators.
Presolve time = 0.07 sec. (52.10 ticks)
Probing time = 0.01 sec. (4.48 ticks)
Clique table members: 2990.
MIP emphasis: balance optimality and feasibility.
MIP search method: dynamic search.
Parallel mode: none, using 1 thread.
Root relaxation solution time = 4.27 sec. (4123.33 ticks)

        Nodes                                         Cuts/
   Node  Left     Objective  IInf  Best Integer    Best Bound    ItCnt     Gap

      0     0        0.0000  2273                      0.0000     9978         
      0     0        0.0000  1229                    Cuts: 72    15071         
      0     0        0.0000   596                    Cuts: 28    17342         
      0     0        0.0000   420                    Cuts: 20    20729         
      0     0        0.0000   178                  Cliques: 1    21936         
      0     0        0.0000   562                    Cuts: 71    26462         
      0     2        0.0000   150                      0.0000    26462         
Elapsed time = 121.67 sec. (110322.61 ticks, tree = 0.01 MB, solutions = 0)
      1     3        0.0000   538                      0.0000    48089         
      2     4        0.0000   312                      0.0000    52376         
      3     5        0.0000   314                      0.0000    53038         
      4     6        0.0000   342                      0.0000    54005         
      5     7        0.0000   325                      0.0000    64353         
      6     8        0.0000   330                      0.0000    65812         
      7     9        0.0000   424                      0.0000    73960         
      8    10        0.0000   397                      0.0000    74518         
      9    11        0.0000   173                      0.0000    80658         
     10    12        0.0000   176                      0.0000    85130         
Elapsed time = 152.43 sec. (138677.29 ticks, tree = 0.10 MB, solutions = 0)
     11    13        0.0000   622                      0.0000    94385         
     12    14        0.0000   182                      0.0000   100958         
     13    15        0.0000   282                      0.0000   104242         
     14    16        0.0000   124                      0.0000   107198         
     16    18        0.0000   115                      0.0000   109671         
     17    19        0.0000   416                      0.0000   112767         
     18    20        0.0000   116                      0.0000   114548         
     19    21        0.0000   244                      0.0000   118671         
     20    22        0.0000   394                      0.0000   122846         
     22    24        0.0000   255                      0.0000   126271         
Elapsed time = 179.10 sec. (163216.27 ticks, tree = 0.46 MB, solutions = 0)
     24    26        0.0000   280                      0.0000   130049         
     26    28        0.0000   323                      0.0000   132292         
     28    30        0.0000   280                      0.0000   135985         
     31    33        0.0000   311                      0.0000   137357         
     33    35        0.0000   293                      0.0000   140869         
     35    37        0.0000   293                      0.0000   143466         
     37    39        0.0000   261                      0.0000   146331         
     40    42        0.0000   246                      0.0000   148221         
     43    45        0.0000   311                      0.0000   154336         
     46    48        0.0000   225                      0.0000   158904         
Elapsed time = 194.27 sec. (176235.96 ticks, tree = 1.30 MB, solutions = 0)
     49    51        0.0000   290                      0.0000   162851         
     52    54        0.0000   202                      0.0000   165889         
     56    58        0.0000   188                      0.0000   166915         
     59    61        0.0000   196                      0.0000   169910         
     63    65        0.0000   179                      0.0000   170525         
     67    69        0.0000   192                      0.0000   172647         
     70    72        0.0000   184                      0.0000   176586         
     74    76        0.0000   182                      0.0000   178286         
     77    79        0.0000   141                      0.0000   182593         
     80    82        0.0000   146                      0.0000   185830         
Elapsed time = 220.72 sec. (200111.75 ticks, tree = 2.47 MB, solutions = 0)
     85    87        0.0000   193                      0.0000   190019         
     88    90        0.0000   163                      0.0000   196872         
     90    92        0.0000   146                      0.0000   198126         
     92    94        0.0000   259                      0.0000   204749         
     94    96        0.0000   460                      0.0000   219395         
     96    98        0.0000  1604                      0.0000   228000         
     99   101        0.0000   172                      0.0000   236838         
    103   105        0.0000   198                      0.0000   242770         
    107   109        0.0000   522                      0.0000   258775         
    110   112        0.0000   178                      0.0000   269277         
Elapsed time = 244.48 sec. (221360.70 ticks, tree = 3.58 MB, solutions = 0)
    113   115        0.0000   180                      0.0000   283475         
    114   116        0.0000   660                      0.0000   293774         
    116   118        0.0000   938                      0.0000   306811         
    118   120        0.0000   925                      0.0000   316475         
    121   123        0.0000   162                      0.0000   325741         
    122   124        0.0000  1034                      0.0000   335394         
    124   126        0.0000  1041                      0.0000   348010         
    126   128        0.0000   804                      0.0000   369433         
    128   130        0.0000   298                      0.0000   375406         
    130   132        0.0000   298                      0.0000   388356         
Elapsed time = 267.87 sec. (241440.38 ticks, tree = 4.26 MB, solutions = 0)
    132   134        0.0000   202                      0.0000   394937         
    135   137        0.0000   521                      0.0000   403383         
    139   141        0.0000  1605                      0.0000   415094         
    140   142        0.0000   227                      0.0000   415095         
    143   145        0.0000  1435                      0.0000   423507         
    145   147        0.0000  1274                      0.0000   432615         
    147   149        0.0000  1832                      0.0000   440005         
    149   151        0.0000  1807                      0.0000   451019         
    151   153        0.0000  1895                      0.0000   459761         
    153   155        0.0000   304                      0.0000   471271         
Elapsed time = 287.38 sec. (258662.48 ticks, tree = 5.08 MB, solutions = 0)
    157   159        0.0000   235                      0.0000   472718         
    159   161        0.0000   150                      0.0000   475954         
    160   162        0.0000   236                      0.0000   479402         
    162   164        0.0000   159                      0.0000   482162         
    163   165        0.0000   193                      0.0000   484805         
    164   166        0.0000   161                      0.0000   486878         
    166   168        0.0000   224                      0.0000   491026         
    168   170        0.0000   155                      0.0000   492220         
    169   171        0.0000   189                      0.0000   497201         
    170   172        0.0000  1007                      0.0000   505896         
Elapsed time = 306.16 sec. (277029.34 ticks, tree = 5.66 MB, solutions = 0)
    171   173        0.0000   568                      0.0000   510500         
    173   175        0.0000   257                      0.0000   512954         
    175   177        0.0000   704                      0.0000   516802         
    177   179        0.0000   707                      0.0000   527084         
    178   180        0.0000   433                      0.0000   531311         
    179   181        0.0000  1335                      0.0000   537445         
    180   182        0.0000   450                      0.0000   537462         
    182   184        0.0000   289                      0.0000   540975         
    184   186        0.0000   274                      0.0000   544551         
    186   188        0.0000   271                      0.0000   549632         
Elapsed time = 331.06 sec. (300081.49 ticks, tree = 6.19 MB, solutions = 0)
    189   191        0.0000   253                      0.0000   550660         
    191   193        0.0000   271                      0.0000   555824         
    194   196        0.0000   261                      0.0000   558274         
    196   198        0.0000  1031                      0.0000   575274         
    197   199        0.0000   255                      0.0000   577543         
    198   200        0.0000  1149                      0.0000   587191         
    200   202        0.0000   563                      0.0000   601961         
    202   204        0.0000   426                      0.0000   610220         
    204   206        0.0000   497                      0.0000   619644         
    210   212        0.0000   569                      0.0000   642351         
Elapsed time = 365.42 sec. (329924.59 ticks, tree = 6.93 MB, solutions = 0)
    216   218        0.0000  1105                      0.0000   686102         
    223   225        0.0000   441                      0.0000   711193         
    228   230        0.0000  1099                      0.0000   742734         
    234   236        0.0000   928                      0.0000   774065         
    240   242        0.0000   699                      0.0000   811441         
    246   248        0.0000   869                      0.0000   839588         
    251   253        0.0000   416                      0.0000   859436         
    256   258        0.0000   848                      0.0000   895753         
    263   265        0.0000   904                      0.0000   922986         
    269   271        0.0000  1011                      0.0000   950252         
Elapsed time = 420.61 sec. (374049.79 ticks, tree = 9.04 MB, solutions = 0)
    277   279        0.0000   643                      0.0000   973538         
    286   288        0.0000   560                      0.0000   986162         
    294   296        0.0000   905                      0.0000  1014626         
    302   304        0.0000   693                      0.0000  1036573         
    308   310        0.0000   764                      0.0000  1056730         
    316   318        0.0000   610                      0.0000  1076058         
    325   327        0.0000   602                      0.0000  1090639         
    332   334        0.0000   620                      0.0000  1113771         
    339   341        0.0000   723                      0.0000  1137787         
    347   349        0.0000  1054                      0.0000  1155231         
Elapsed time = 470.65 sec. (415701.16 ticks, tree = 11.83 MB, solutions = 0)
    355   357        0.0000  1069                      0.0000  1173943         
    360   362        0.0000   580                      0.0000  1190674         
    369   371        0.0000   584                      0.0000  1206952         
    377   379        0.0000   938                      0.0000  1241946         
    386   388        0.0000   991                      0.0000  1266229         
    392   394        0.0000   649                      0.0000  1295126         
    399   401        0.0000   882                      0.0000  1323869         
    405   407        0.0000   912                      0.0000  1349319         
    413   415        0.0000   589                      0.0000  1374504         
    421   423        0.0000   656                      0.0000  1395718         
Elapsed time = 522.95 sec. (458107.80 ticks, tree = 14.48 MB, solutions = 0)
    427   429        0.0000   771                      0.0000  1421794         
    434   436        0.0000   590                      0.0000  1445098         
    441   443        0.0000   649                      0.0000  1469047         
    449   451        0.0000   567                      0.0000  1485675         
    454   456        0.0000   787                      0.0000  1518343         
    462   464        0.0000   620                      0.0000  1538829         
    468   470        0.0000   830                      0.0000  1574130         
    478   480        0.0000   654                      0.0000  1592266         
    480   482        0.0000   722                      0.0000  1603036         
    487   488        0.0000   900                      0.0000  1633218         
Elapsed time = 594.71 sec. (516421.88 ticks, tree = 16.81 MB, solutions = 0)

Clique cuts applied:  83
Zero-half cuts applied:  22

Root node processing (before b&c):
  Real time             =  121.61 sec. (110281.79 ticks)
Sequential b&c:
  Real time             =  478.38 sec. (410349.26 ticks)
                          ------------
Total (root+branch&cut) =  599.98 sec. (520631.04 ticks)
Primal:	1
Dual:	499
Status:	Feasible
Time:	600.071
Sequence:
	0
