Version identifier: 22.1.0.0 | 2022-03-09 | 1a383f8ce
CPXPARAM_Threads                                 1
CPXPARAM_MIP_Strategy_VariableSelect             3
CPXPARAM_TimeLimit                               599.99335634399995
Tried aggregator 1 time.
MIP Presolve eliminated 13 rows and 0 columns.
Reduced MIP has 1811 rows, 7200 columns, and 83590 nonzeros.
Reduced MIP has 7200 binaries, 0 generals, 0 SOSs, and 0 indicators.
Presolve time = 0.05 sec. (42.19 ticks)
Probing time = 0.01 sec. (4.54 ticks)
Tried aggregator 1 time.
Detecting symmetries...
Reduced MIP has 1811 rows, 7200 columns, and 83590 nonzeros.
Reduced MIP has 7200 binaries, 0 generals, 0 SOSs, and 0 indicators.
Presolve time = 0.06 sec. (51.49 ticks)
Probing time = 0.01 sec. (4.54 ticks)
Clique table members: 1194.
MIP emphasis: balance optimality and feasibility.
MIP search method: dynamic search.
Parallel mode: none, using 1 thread.
Root relaxation solution time = 2.06 sec. (2295.94 ticks)

        Nodes                                         Cuts/
   Node  Left     Objective  IInf  Best Integer    Best Bound    ItCnt     Gap

      0     0        0.0000  1381                      0.0000     6228         
      0     0        0.0000   468                    Cuts: 10    10126         
      0     0        0.0000   710                    Cuts: 41    16191         
      0     0        0.0000   594                     Cuts: 3    22334         
      0     0        0.0000   451                     Cuts: 4    23357         
      0     0        0.0000   408                    Cuts: 29    28053         
      0     0        0.0000   571                    Cuts: 36    32340         
      0     2        0.0000   260                      0.0000    32340         
Elapsed time = 77.47 sec. (89412.74 ticks, tree = 0.01 MB, solutions = 0)
      2     2        0.0000   415                      0.0000    37209         
      3     3        0.0000   792                      0.0000    44327         
      4     4        0.0000   409                      0.0000    44538         
      5     5        0.0000   434                      0.0000    53489         
      6     6        0.0000   405                      0.0000    53683         
      7     7        0.0000   327                      0.0000    61213         
      8     8        0.0000   326                      0.0000    62750         
      9     9        0.0000   447                      0.0000    66274         
     10    10        0.0000  1371                      0.0000    68776         
     12    12        0.0000   673                      0.0000    71121         
Elapsed time = 94.18 sec. (107567.36 ticks, tree = 0.06 MB, solutions = 0)
     15    15        0.0000   355                      0.0000    78098         
     17    17        0.0000   371                      0.0000    83164         
     18    18        0.0000   764                      0.0000    89987         
     21    21        0.0000   353                      0.0000    92286         
     24    24        0.0000   463                      0.0000   104390         
     25    25        0.0000   303                      0.0000   115532         
     26    26        0.0000   529                      0.0000   118548         
     28    28        0.0000   489                      0.0000   119617         
     30    30        0.0000   576                      0.0000   127656         
     33    33        0.0000   474                      0.0000   129074         
Elapsed time = 111.07 sec. (125264.95 ticks, tree = 0.12 MB, solutions = 0)
     35    35        0.0000   477                      0.0000   132444         
     38    38        0.0000   564                      0.0000   136381         
     42    42        0.0000   521                      0.0000   141161         
     45    45        0.0000   528                      0.0000   146800         
     48    48        0.0000   510                      0.0000   151283         
     50    50        0.0000   513                      0.0000   154668         
     53    53        0.0000   534                      0.0000   159691         
     57    56        0.0000   519                      0.0000   164045         
     60    59        0.0000   526                      0.0000   167702         
     64    63        0.0000   529                      0.0000   171836         
Elapsed time = 127.70 sec. (140862.63 ticks, tree = 0.21 MB, solutions = 0)
     68    67        0.0000   538                      0.0000   176090         
     70    69        0.0000   664                      0.0000   183535         
     74    73        0.0000   573                      0.0000   187747         
     78    77        0.0000   574                      0.0000   192259         
     82    81        0.0000   536                      0.0000   196065         
     85    84        0.0000   516                      0.0000   202964         
     89    88        0.0000   525                      0.0000   207043         
     93    92        0.0000   525                      0.0000   211294         
     97    96        0.0000   522                      0.0000   216902         
    101   100        0.0000   537                      0.0000   223061         
Elapsed time = 145.57 sec. (157509.05 ticks, tree = 0.32 MB, solutions = 0)
    105   102        0.0000   529                      0.0000   230256         
    108   105        0.0000   604                      0.0000   236508         
    112   107        0.0000   555                      0.0000   244700         
    116   111        0.0000   536                      0.0000   249173         
    120   115        0.0000   552                      0.0000   253609         
    124   118        0.0000   604                      0.0000   259396         
    128   122        0.0000   614                      0.0000   267899         
    132   126        0.0000   560                      0.0000   271825         
    135   128        0.0000   536                      0.0000   277596         
    139   130        0.0000   536                      0.0000   283243         
Elapsed time = 158.08 sec. (168690.56 ticks, tree = 0.41 MB, solutions = 0)
    142   132        0.0000   599                      0.0000   289328         
    146   136        0.0000   624                      0.0000   295690         
    149   139        0.0000   547                      0.0000   301856         
    150   140        0.0000   595                      0.0000   307316         
    153   143        0.0000   583                      0.0000   312936         
    155   144        0.0000   422                      0.0000   322221         
    159   147        0.0000   425                      0.0000   329285         
    162   149        0.0000   515                      0.0000   334534         
    166   153        0.0000   528                      0.0000   342948         
    169   156        0.0000   439                      0.0000   349901         
Elapsed time = 172.00 sec. (181055.28 ticks, tree = 0.49 MB, solutions = 0)
    172   158        0.0000   506                      0.0000   360262         
    176   162        0.0000   570                      0.0000   370784         
    180   166        0.0000   490                      0.0000   376013         
    184   170        0.0000   490                      0.0000   381516         
    188   174        0.0000   491                      0.0000   385526         
    192   178        0.0000   502                      0.0000   389036         
    195   181        0.0000   600                      0.0000   397072         
    200   183        0.0000   450                      0.0000   404746         
    207   188        0.0000   476                      0.0000   408788         
    212   191        0.0000   556                      0.0000   415338         
Elapsed time = 185.77 sec. (193188.79 ticks, tree = 0.59 MB, solutions = 0)
    217   196        0.0000   454                      0.0000   419327         
    220   199        0.0000   424                      0.0000   423225         
    224   203        0.0000   431                      0.0000   430037         
    228   207        0.0000   434                      0.0000   437089         
    232   211        0.0000   432                      0.0000   443234         
    237   216        0.0000   483                      0.0000   451761         
    242   221        0.0000   424                      0.0000   455544         
    246   224        0.0000   504                      0.0000   465378         
    247   225        0.0000   476                      0.0000   469284         
    249   227        0.0000   418                      0.0000   475055         
Elapsed time = 199.41 sec. (205253.47 ticks, tree = 0.70 MB, solutions = 0)
    253   231        0.0000   457                      0.0000   479336         
    258   236        0.0000   437                      0.0000   484410         
    264   239        0.0000   472                      0.0000   492737         
    269   243        0.0000   482                      0.0000   498367         
    274   247        0.0000   454                      0.0000   501674         
    279   250        0.0000   450                      0.0000   510536         
    284   255        0.0000   448                      0.0000   512977         
    289   260        0.0000   466                      0.0000   518777         
    293   264        0.0000   492                      0.0000   524287         
    297   268        0.0000   483                      0.0000   530490         
Elapsed time = 211.87 sec. (216064.10 ticks, tree = 0.83 MB, solutions = 0)
    302   272        0.0000   445                      0.0000   536604         
    307   276        0.0000   422                      0.0000   541213         
    312   281        0.0000   413                      0.0000   545800         
    317   286        0.0000   461                      0.0000   551909         
    323   290    infeasible                            0.0000   558637         
    329   293    infeasible                            0.0000   563854         
    335   299        0.0000   437                      0.0000   567562         
    340   304        0.0000   425                      0.0000   571556         
    346   307        0.0000   470                      0.0000   583331         
    361   320        0.0000   393                      0.0000   610424         
Elapsed time = 229.26 sec. (230881.11 ticks, tree = 1.00 MB, solutions = 0)
    380   326        0.0000   422                      0.0000   646480         
    408   326        0.0000   387                      0.0000   685809         
    429   326    infeasible                            0.0000   722764         
    439   326        0.0000   808                      0.0000   748165         
    445   332        0.0000   555                      0.0000   766161         
    453   340        0.0000   628                      0.0000   782598         
    463   350        0.0000  1031                      0.0000   800369         
    474   361        0.0000   659                      0.0000   816756         
    485   370        0.0000   574                      0.0000   832950         
    497   382        0.0000   606                      0.0000   847679         
Elapsed time = 281.93 sec. (280668.04 ticks, tree = 1.18 MB, solutions = 0)
    500   385        0.0000   549                      0.0000   853318         

Performing restart 1

Repeating presolve.
Tried aggregator 1 time.
MIP Presolve eliminated 0 rows and 1 columns.
Reduced MIP has 1811 rows, 7199 columns, and 83570 nonzeros.
Reduced MIP has 7199 binaries, 0 generals, 0 SOSs, and 0 indicators.
Presolve time = 0.05 sec. (42.06 ticks)
Tried aggregator 1 time.
Reduced MIP has 1811 rows, 7199 columns, and 83570 nonzeros.
Reduced MIP has 7199 binaries, 0 generals, 0 SOSs, and 0 indicators.
Presolve time = 0.06 sec. (49.99 ticks)
Represolve time = 0.56 sec. (324.08 ticks)
    510     0        0.0000   619                    Cuts: 10   877519         
    510     0        0.0000   957                    Cuts: 88   883565         
    510     0        0.0000   779                    Cuts: 39   890802         
    510     0        0.0000   404                    Cuts: 11   894899         
    510     0        0.0000   300                    Cuts: 12   899139         
    510     0        0.0000   560                    Cuts: 52   904290         
    510     0        0.0000   960                    Cuts: 21   909897         
    510     0        0.0000   731                    Cuts: 26   917218         
    510     0        0.0000   516                    Cuts: 32   920596         
    510     0        0.0000   366                    Cuts: 39   929613         
    510     0        0.0000   481                    Cuts: 21   934315         
    510     2        0.0000   322                      0.0000   934315         
    513     2        0.0000   418                      0.0000   943417         
    517     4        0.0000   451                      0.0000   952053         
    522     8        0.0000   395                      0.0000   960864         
    524    10        0.0000   500                      0.0000   972693         
    527    13        0.0000   363                      0.0000   981240         
    530    15        0.0000   816                      0.0000   989887         
    539    22        0.0000   674                      0.0000   994696         
    550    31        0.0000   531                      0.0000  1006581         
Elapsed time = 449.29 sec. (465141.08 ticks, tree = 0.42 MB, solutions = 0)
    558    37        0.0000   556                      0.0000  1018862         
    566    44        0.0000   597                      0.0000  1029109         
    577    55        0.0000   589                      0.0000  1038617         
    590    65        0.0000   590                      0.0000  1049414         
    600    74        0.0000   579                      0.0000  1057667         
    610    82        0.0000   566                      0.0000  1069092         
    623    95        0.0000   601                      0.0000  1082715         
    634   104        0.0000   571                      0.0000  1093023         
    648   116        0.0000   582                      0.0000  1106214         
    662   129        0.0000   566                      0.0000  1119083         
Elapsed time = 491.06 sec. (505328.77 ticks, tree = 2.08 MB, solutions = 0)
    676   143        0.0000   559                      0.0000  1135415         
    692   154        0.0000   600                      0.0000  1149895         
    707   166        0.0000   547                      0.0000  1163824         
    722   177        0.0000   521                      0.0000  1179005         
    736   190        0.0000   631                      0.0000  1196771         
    750   200        0.0000   579                      0.0000  1216801         
    764   212        0.0000   550                      0.0000  1231108         
    779   224        0.0000   495                      0.0000  1250176         
    793   237        0.0000   457                      0.0000  1263969         
    810   245        0.0000   436                      0.0000  1285746         
Elapsed time = 535.70 sec. (545570.03 ticks, tree = 4.09 MB, solutions = 0)
    826   253        0.0000   440                      0.0000  1309005         
    840   262        0.0000   438                      0.0000  1327658         
    856   268        0.0000   422                      0.0000  1354810         
    870   276        0.0000   419                      0.0000  1381713         
    888   285        0.0000   462                      0.0000  1409955         
    907   299        0.0000   358                      0.0000  1433587         
    919   306        0.0000   487                      0.0000  1446894         
    929   314        0.0000   521                      0.0000  1464865         
    939   323        0.0000   611                      0.0000  1481831         
    951   334        0.0000   628                      0.0000  1497839         
Elapsed time = 582.98 sec. (587560.79 ticks, tree = 5.60 MB, solutions = 0)
    956   338        0.0000   748                      0.0000  1522640         
    960   342        0.0000   418                      0.0000  1543663         
    964   346        0.0000   675                      0.0000  1557154         

Clique cuts applied:  24
Zero-half cuts applied:  8
Gomory fractional cuts applied:  3

Root node processing (before b&c):
  Real time             =   77.35 sec. (89318.35 ticks)
Sequential b&c:
  Real time             =  522.65 sec. (515101.85 ticks)
                          ------------
Total (root+branch&cut) =  600.00 sec. (604420.20 ticks)
Primal:	1
Dual:	299
Status:	Feasible
Time:	600.044
Sequence:
	0
