Version identifier: 22.1.0.0 | 2022-03-09 | 1a383f8ce
CPXPARAM_Threads                                 1
CPXPARAM_MIP_Strategy_VariableSelect             3
CPXPARAM_TimeLimit                               599.992490256
Tried aggregator 1 time.
MIP Presolve eliminated 13 rows and 0 columns.
Reduced MIP has 1812 rows, 7500 columns, and 83912 nonzeros.
Reduced MIP has 7500 binaries, 0 generals, 0 SOSs, and 0 indicators.
Presolve time = 0.06 sec. (41.30 ticks)
Probing time = 0.01 sec. (6.77 ticks)
Tried aggregator 1 time.
Detecting symmetries...
Reduced MIP has 1812 rows, 7500 columns, and 83912 nonzeros.
Reduced MIP has 7500 binaries, 0 generals, 0 SOSs, and 0 indicators.
Presolve time = 0.08 sec. (50.67 ticks)
Probing time = 0.01 sec. (6.77 ticks)
Clique table members: 1194.
MIP emphasis: balance optimality and feasibility.
MIP search method: dynamic search.
Parallel mode: none, using 1 thread.
Root relaxation solution time = 1.51 sec. (1592.07 ticks)

        Nodes                                         Cuts/
   Node  Left     Objective  IInf  Best Integer    Best Bound    ItCnt     Gap

      0     0        0.0000  1311                      0.0000     4809         
      0     0        0.0000   454                     Cuts: 6     5756         
      0     0        0.0000   989                   Cuts: 146    11420         
      0     0        0.0000   662                  Cliques: 5    13914         
      0     0        0.0000   536                  Cliques: 3    15716         
      0     0        0.0000   514                     Cuts: 4    16840         
      0     0        0.0000   899                   Cuts: 121    22073         
      0     2        0.0000   482                      0.0000    22073         
Elapsed time = 81.76 sec. (87728.46 ticks, tree = 0.01 MB, solutions = 0)
      1     3        0.0000   639                      0.0000    31697         
      2     4        0.0000   741                      0.0000    37709         
      3     5        0.0000  1091                      0.0000    43004         
      4     6        0.0000   766                      0.0000    43183         
      5     7        0.0000   763                      0.0000    48931         
      6     8        0.0000   765                      0.0000    50136         
      7     9        0.0000   768                      0.0000    50360         
      8    10        0.0000  1375                      0.0000    52775         
      9    11        0.0000   772                      0.0000    52907         
     10    12        0.0000   921                      0.0000    54271         
Elapsed time = 97.59 sec. (104810.43 ticks, tree = 0.10 MB, solutions = 0)
     13    14        0.0000   777                      0.0000    56764         
     15    16        0.0000   820                      0.0000    59526         
     17    18        0.0000   738                      0.0000    60187         
     19    20        0.0000   741                      0.0000    63988         
     21    22        0.0000   905                      0.0000    66730         
     23    24        0.0000   768                      0.0000    69298         
     25    26        0.0000  1049                      0.0000    72564         
     27    28        0.0000  1327                      0.0000    75274         
     29    30        0.0000  1115                      0.0000    78463         
     31    32        0.0000   828                      0.0000    80232         
Elapsed time = 109.40 sec. (117553.53 ticks, tree = 0.45 MB, solutions = 0)
     33    34        0.0000  1056                      0.0000    83164         
     35    36        0.0000   704                      0.0000    85387         
     37    37        0.0000   786                      0.0000    88965         
     39    39        0.0000   984                      0.0000    92412         
     41    41        0.0000   692                      0.0000    95390         
     42    42        0.0000   829                      0.0000    97180         
     44    44        0.0000  1018                      0.0000   100864         
     46    46        0.0000  1268                      0.0000   102843         
     49    49        0.0000   878                      0.0000   104802         
     50    49        0.0000  1008                      0.0000   106651         
Elapsed time = 127.69 sec. (135678.25 ticks, tree = 0.76 MB, solutions = 0)
     54    52        0.0000   900                      0.0000   107838         
     57    55        0.0000   981                      0.0000   110276         
     60    58        0.0000   890                      0.0000   111657         
     63    61        0.0000   890                      0.0000   113027         
     65    63        0.0000   926                      0.0000   118594         
     68    66        0.0000   874                      0.0000   123798         
     70    68        0.0000   873                      0.0000   127999         
     73    71        0.0000   856                      0.0000   129527         
     76    74        0.0000   893                      0.0000   132271         
     79    77        0.0000   896                      0.0000   134220         
Elapsed time = 141.57 sec. (149588.99 ticks, tree = 1.25 MB, solutions = 0)
     80    78        0.0000  1007                      0.0000   134921         
     83    81        0.0000   906                      0.0000   137294         
     86    83        0.0000   858                      0.0000   140801         
     89    86        0.0000   959                      0.0000   144754         
     93    88        0.0000  1032                      0.0000   147003         
     96    90        0.0000  1003                      0.0000   150374         
     99    93        0.0000   891                      0.0000   151945         
    102    96        0.0000   921                      0.0000   155632         
    105    99        0.0000   883                      0.0000   158723         
    108   102        0.0000   985                      0.0000   162039         
Elapsed time = 155.45 sec. (163211.40 ticks, tree = 1.67 MB, solutions = 0)
    111   105        0.0000   881                      0.0000   164043         
    114   108        0.0000   919                      0.0000   168145         
    117   111        0.0000   877                      0.0000   170374         
    119   113        0.0000   872                      0.0000   172720         
    122   116        0.0000   889                      0.0000   176886         
    126   119        0.0000   989                      0.0000   179557         
    129   121        0.0000   873                      0.0000   181213         
    132   124        0.0000   944                      0.0000   184085         
    135   127        0.0000   870                      0.0000   185242         
    138   130        0.0000   878                      0.0000   189331         
Elapsed time = 167.15 sec. (174765.73 ticks, tree = 2.15 MB, solutions = 0)
    141   133        0.0000   875                      0.0000   190580         
    145   137        0.0000   967                      0.0000   192544         
    149   140        0.0000   871                      0.0000   193636         
    152   143        0.0000   863                      0.0000   195063         
    155   145        0.0000   832                      0.0000   196769         
    159   148        0.0000   809                      0.0000   199945         
    162   151        0.0000   777                      0.0000   206674         
    164   151        0.0000   739                      0.0000   213644         
    168   153        0.0000   757                      0.0000   215097         
    172   156        0.0000   781                      0.0000   219156         
Elapsed time = 179.27 sec. (186137.02 ticks, tree = 2.62 MB, solutions = 0)
    176   159        0.0000   733                      0.0000   222651         
    180   161        0.0000   712                      0.0000   226075         
    183   163        0.0000   689                      0.0000   233011         
    186   166        0.0000   606                      0.0000   245444         
    190   167        0.0000   562                      0.0000   252980         
    193   166    infeasible                            0.0000   268362         
    198   167    infeasible                            0.0000   283621         
    202   168        0.0000   502                      0.0000   292068         
    206   167    infeasible                            0.0000   308563         
    211   168        0.0000   534                      0.0000   319387         
Elapsed time = 193.73 sec. (197679.18 ticks, tree = 2.83 MB, solutions = 0)
    215   168        0.0000   536                      0.0000   329839         
    220   167    infeasible                            0.0000   350668         
    225   168        0.0000   540                      0.0000   361233         
    230   167    infeasible                            0.0000   380045         
    235   168        0.0000   543                      0.0000   391660         
    238   167    infeasible                            0.0000   406961         
    243   168        0.0000   550                      0.0000   411277         
    248   167    infeasible                            0.0000   417320         
    253   168        0.0000   547                      0.0000   421526         
    256   169    infeasible                            0.0000   428709         
Elapsed time = 207.44 sec. (208712.12 ticks, tree = 2.87 MB, solutions = 0)
    260   170        0.0000   453                      0.0000   439330         
    264   171        0.0000   490                      0.0000   456370         
    268   171        0.0000   458                      0.0000   471637         
    271   170    infeasible                            0.0000   489285         
    275   170    infeasible                            0.0000   499069         
    280   171        0.0000   463                      0.0000   510640         
    286   171        0.0000   489                      0.0000   515107         
    292   170        0.0000   451                      0.0000   521270         
    298   170    infeasible                            0.0000   525032         
    314   168    infeasible                            0.0000   541482         
Elapsed time = 224.41 sec. (222623.91 ticks, tree = 2.85 MB, solutions = 0)
    331   168    infeasible                            0.0000   558745         
    348   169        0.0000   481                      0.0000   579804         
    368   168        0.0000   463                      0.0000   598090         
    386   170    infeasible                            0.0000   619879         
    402   170        0.0000   418                      0.0000   639909         
    419   170    infeasible                            0.0000   662579         
    435   170        0.0000   414                      0.0000   678886         
    453   172        0.0000   371                      0.0000   697092         
    469   170        0.0000   387                      0.0000   711788         
    491   170        0.0000   394                      0.0000   730473         
Elapsed time = 270.24 sec. (262891.89 ticks, tree = 2.87 MB, solutions = 0)
    509   169        0.0000   448                      0.0000   751900         
    529   168    infeasible                            0.0000   773517         
    546   168        0.0000   505                      0.0000   788137         
    564   168        0.0000   497                      0.0000   810955         
    582   167        0.0000   419                      0.0000   836854         
    599   168        0.0000   524                      0.0000   855900         
    614   167    infeasible                            0.0000   880122         
    629   167    infeasible                            0.0000   897194         
    642   168        0.0000   532                      0.0000   912292         
    658   167    infeasible                            0.0000   930965         
Elapsed time = 316.12 sec. (303192.11 ticks, tree = 2.83 MB, solutions = 0)
    677   168        0.0000   491                      0.0000   939809         
    692   167    infeasible                            0.0000   960793         
    709   167    infeasible                            0.0000   981047         
    720   168        0.0000   493                      0.0000   996142         
    740   168    infeasible                            0.0000  1006084         
    758   170        0.0000   544                      0.0000  1015710         
    778   170        0.0000   567                      0.0000  1026220         
    796   170        0.0000   493                      0.0000  1036909         
    811   169        0.0000   451                      0.0000  1045353         
    826   169        0.0000   509                      0.0000  1058470         
Elapsed time = 358.35 sec. (342801.46 ticks, tree = 2.85 MB, solutions = 0)
    844   169        0.0000   536                      0.0000  1069009         
    861   168    infeasible                            0.0000  1081466         
    875   169        0.0000   508                      0.0000  1105660         
    894   169        0.0000   498                      0.0000  1119891         
    913   170        0.0000   465                      0.0000  1129956         
    928   168    infeasible                            0.0000  1136923         
    948   168    infeasible                            0.0000  1146401         
    966   168    infeasible                            0.0000  1156911         
    985   169        0.0000   491                      0.0000  1166332         
   1005   168        0.0000   553                      0.0000  1176365         
Elapsed time = 399.57 sec. (381811.89 ticks, tree = 2.83 MB, solutions = 0)
   1023   168        0.0000   550                      0.0000  1184978         
   1040   167    infeasible                            0.0000  1194335         
   1060   169        0.0000   531                      0.0000  1201632         
   1080   170        0.0000   518                      0.0000  1209982         
   1100   170        0.0000   457                      0.0000  1219421         
   1121   167    infeasible                            0.0000  1229087         
   1142   168        0.0000   501                      0.0000  1237612         
   1162   167    infeasible                            0.0000  1248150         
   1182   168        0.0000   478                      0.0000  1256256         
   1199   168    infeasible                            0.0000  1266812         
Elapsed time = 439.51 sec. (420730.37 ticks, tree = 2.85 MB, solutions = 0)
   1216   171        0.0000   437                      0.0000  1275427         
   1236   167    infeasible                            0.0000  1286381         
   1257   167        0.0000   562                      0.0000  1293975         
   1274   167        0.0000   560                      0.0000  1303520         
   1290   167        0.0000   560                      0.0000  1312374         
   1309   166        0.0000   503                      0.0000  1321687         
   1329   168        0.0000   547                      0.0000  1329593         
   1348   170        0.0000   491                      0.0000  1337419         
   1365   168        0.0000   537                      0.0000  1343624         
   1381   169        0.0000   552                      0.0000  1353941         
Elapsed time = 480.43 sec. (460371.20 ticks, tree = 2.85 MB, solutions = 0)
   1400   168    infeasible                            0.0000  1363723         
   1418   168    infeasible                            0.0000  1374252         
   1439   168    infeasible                            0.0000  1384467         
   1454   168        0.0000   442                      0.0000  1395375         
   1474   169        0.0000   456                      0.0000  1404460         
   1494   170        0.0000   463                      0.0000  1415737         
   1517   171        0.0000   486                      0.0000  1425436         
   1540   174        0.0000   430                      0.0000  1434898         
   1559   174        0.0000   458                      0.0000  1442509         
   1574   177    infeasible                            0.0000  1455409         
Elapsed time = 521.98 sec. (499439.26 ticks, tree = 3.01 MB, solutions = 0)
   1580   173        0.0000   450                      0.0000  1468841         
   1593   168        0.0000   468                      0.0000  1480281         
   1612   171        0.0000   406                      0.0000  1487607         
   1631   171    infeasible                            0.0000  1495628         
   1649   168    infeasible                            0.0000  1508874         
   1673   172        0.0000   461                      0.0000  1516630         
   1693   170    infeasible                            0.0000  1526512         
   1706   167    infeasible                            0.0000  1544988         
   1725   167    infeasible                            0.0000  1554056         
   1745   168        0.0000   495                      0.0000  1562836         
Elapsed time = 565.07 sec. (538545.24 ticks, tree = 2.83 MB, solutions = 0)
   1764   167    infeasible                            0.0000  1573351         
   1781   168        0.0000   505                      0.0000  1583765         
   1800   168        0.0000   498                      0.0000  1593714         
   1821   169        0.0000   499                      0.0000  1601963         
   1839   168        0.0000   483                      0.0000  1611909         
   1862   168        0.0000   607                      0.0000  1621043         
   1883   167    infeasible                            0.0000  1631705         
   1901   169        0.0000   551                      0.0000  1641062         

Clique cuts applied:  30
Zero-half cuts applied:  17

Root node processing (before b&c):
  Real time             =   81.64 sec. (87635.58 ticks)
Sequential b&c:
  Real time             =  518.36 sec. (484726.00 ticks)
                          ------------
Total (root+branch&cut) =  599.99 sec. (572361.58 ticks)
Primal:	1
Dual:	299
Status:	Feasible
Time:	600.048
Sequence:
	0
