Version identifier: 22.1.0.0 | 2022-03-09 | 1a383f8ce
CPXPARAM_Threads                                 1
CPXPARAM_MIP_Strategy_VariableSelect             3
CPXPARAM_TimeLimit                               599.99176841899998
Tried aggregator 1 time.
MIP Presolve eliminated 13 rows and 0 columns.
Reduced MIP has 2408 rows, 8400 columns, and 97002 nonzeros.
Reduced MIP has 8400 binaries, 0 generals, 0 SOSs, and 0 indicators.
Presolve time = 0.07 sec. (48.10 ticks)
Probing time = 0.01 sec. (5.95 ticks)
Tried aggregator 1 time.
Detecting symmetries...
Reduced MIP has 2408 rows, 8400 columns, and 97002 nonzeros.
Reduced MIP has 8400 binaries, 0 generals, 0 SOSs, and 0 indicators.
Presolve time = 0.07 sec. (59.08 ticks)
Probing time = 0.01 sec. (5.95 ticks)
Clique table members: 1595.
MIP emphasis: balance optimality and feasibility.
MIP search method: dynamic search.
Parallel mode: none, using 1 thread.
Root relaxation solution time = 2.28 sec. (2376.61 ticks)

        Nodes                                         Cuts/
   Node  Left     Objective  IInf  Best Integer    Best Bound    ItCnt     Gap

      0     0        0.0000  1729                      0.0000     6459         
      0     0        0.0000   997                 Cliques: 18     8979         
      0     0        0.0000   556                  Cliques: 1     9021         
      0     0        0.0000  1484                   Cuts: 119    16128         
      0     0        0.0000   561                     Cuts: 2    16574         
      0     0        0.0000   825                    Cuts: 97    20712         
      0     2        0.0000   364                      0.0000    20712         
Elapsed time = 59.84 sec. (62499.00 ticks, tree = 0.01 MB, solutions = 0)
      1     3        0.0000   700                      0.0000    32139         
      2     4        0.0000   411                      0.0000    36428         
      3     5        0.0000   644                      0.0000    42009         
      4     6        0.0000   477                      0.0000    42259         
      5     7        0.0000   505                      0.0000    43405         
      6     8        0.0000   555                      0.0000    45601         
      7     9        0.0000   580                      0.0000    48999         
      8    10        0.0000   500                      0.0000    49023         
      9    11        0.0000   471                      0.0000    49137         
     10    12        0.0000   471                      0.0000    50529         
Elapsed time = 76.08 sec. (79082.19 ticks, tree = 0.13 MB, solutions = 0)
     12    14        0.0000   518                      0.0000    54323         
     14    16        0.0000   487                      0.0000    56555         
     16    18        0.0000   578                      0.0000    62169         
     18    20        0.0000   489                      0.0000    66157         
     20    22        0.0000   782                      0.0000    72485         
     22    24        0.0000   648                      0.0000    77411         
     24    26        0.0000   692                      0.0000    79543         
     27    29        0.0000   612                      0.0000    82294         
     29    31        0.0000   534                      0.0000    95595         
     30    32        0.0000   745                      0.0000   103003         
Elapsed time = 101.21 sec. (103838.38 ticks, tree = 0.54 MB, solutions = 0)
     32    34        0.0000   485                      0.0000   105964         
     33    35        0.0000   483                      0.0000   109637         
     35    37        0.0000   431                      0.0000   113431         
     36    38        0.0000   475                      0.0000   117525         
     38    40        0.0000   496                      0.0000   122130         
     40    42        0.0000   417                      0.0000   122160         
     42    44        0.0000   372                      0.0000   125952         
     45    47        0.0000   359                      0.0000   128461         
     48    50        0.0000   353                      0.0000   132148         
     50    52        0.0000   435                      0.0000   139326         
Elapsed time = 116.54 sec. (118985.40 ticks, tree = 0.95 MB, solutions = 0)
     53    55        0.0000   327                      0.0000   140945         
     55    57        0.0000   292                      0.0000   144928         
     56    58        0.0000   298                      0.0000   150589         
     57    59        0.0000   475                      0.0000   153346         
     60    62        0.0000   314                      0.0000   155959         
     62    64        0.0000   333                      0.0000   163996         
     65    67        0.0000   321                      0.0000   166515         
     68    70        0.0000   293                      0.0000   168494         
     69    71        0.0000   349                      0.0000   180792         
     70    72        0.0000   397                      0.0000   185396         
Elapsed time = 132.54 sec. (134588.14 ticks, tree = 1.38 MB, solutions = 0)
     71    73        0.0000   519                      0.0000   191362         
     73    75        0.0000   606                      0.0000   193826         
     75    77        0.0000   651                      0.0000   205667         
     77    79        0.0000   760                      0.0000   212203         
     79    81        0.0000   308                      0.0000   213820         
     80    82        0.0000   366                      0.0000   217753         
     81    83        0.0000   368                      0.0000   221962         
     82    84        0.0000   647                      0.0000   229082         
     85    87        0.0000   353                      0.0000   230673         
     87    89        0.0000   349                      0.0000   238885         
Elapsed time = 156.06 sec. (158155.97 ticks, tree = 1.55 MB, solutions = 0)
     89    91        0.0000   743                      0.0000   258928         
     91    93        0.0000   540                      0.0000   265634         
     93    95        0.0000   518                      0.0000   289649         
     94    96        0.0000   538                      0.0000   293962         
     96    98        0.0000   495                      0.0000   296321         
     97    99        0.0000   511                      0.0000   298852         
     98   100        0.0000   552                      0.0000   303519         
     99   101        0.0000   439                      0.0000   310358         
    100   102        0.0000   399                      0.0000   319193         
    101   103        0.0000   326                      0.0000   333732         
Elapsed time = 186.16 sec. (187587.48 ticks, tree = 1.64 MB, solutions = 0)
    102   104        0.0000   632                      0.0000   344802         
    103   105        0.0000   324                      0.0000   357279         
    104   106        0.0000   566                      0.0000   363800         
    105   107        0.0000   374                      0.0000   370901         
    106   108        0.0000   609                      0.0000   380729         
    108   110        0.0000   344                      0.0000   384015         
    110   112        0.0000   403                      0.0000   390003         
    112   114        0.0000   424                      0.0000   394533         
    114   116        0.0000   666                      0.0000   406367         
    117   119        0.0000   401                      0.0000   416283         
Elapsed time = 211.01 sec. (211246.64 ticks, tree = 1.74 MB, solutions = 0)
    120   122        0.0000   357                      0.0000   419255         
    123   125        0.0000   563                      0.0000   428638         
    125   127        0.0000   370                      0.0000   437433         
    127   129        0.0000   408                      0.0000   443503         
    129   131        0.0000   706                      0.0000   462832         
    131   133        0.0000   768                      0.0000   471026         
    132   134        0.0000   680                      0.0000   478086         
    134   136        0.0000   650                      0.0000   485658         
    137   139        0.0000   369                      0.0000   487812         
    138   138    infeasible                            0.0000   492560         
Elapsed time = 238.46 sec. (237031.18 ticks, tree = 1.89 MB, solutions = 0)
    140   140        0.0000   376                      0.0000   499608         
    141   141        0.0000   416                      0.0000   507685         
    142   142        0.0000   606                      0.0000   515044         
    144   144        0.0000   394                      0.0000   521160         
    145   145        0.0000   301                      0.0000   527965         
    148   146        0.0000   313                      0.0000   534395         
    149   147        0.0000   462                      0.0000   554938         
    151   149        0.0000   295                      0.0000   561084         
    152   150        0.0000   502                      0.0000   568381         
    153   151        0.0000   517                      0.0000   574210         
Elapsed time = 263.06 sec. (259994.81 ticks, tree = 1.96 MB, solutions = 0)
    154   152        0.0000   383                      0.0000   580969         
    155   151    infeasible                            0.0000   589962         
    157   151    infeasible                            0.0000   599938         
    159   153        0.0000   301                      0.0000   602683         
    160   154        0.0000   454                      0.0000   609820         
    162   156        0.0000   461                      0.0000   617682         
    164   158        0.0000   478                      0.0000   624278         
    165   159        0.0000   373                      0.0000   630255         
    166   160        0.0000   447                      0.0000   637266         
    170   162        0.0000   470                      0.0000   660608         
Elapsed time = 291.42 sec. (286939.87 ticks, tree = 2.12 MB, solutions = 0)
    173   165        0.0000   486                      0.0000   672882         
    177   169        0.0000   430                      0.0000   687244         
    180   170        0.0000   351                      0.0000   704522         
    183   171        0.0000   497                      0.0000   720980         
    185   171    infeasible                            0.0000   736751         
    191   175    infeasible                            0.0000   775176         
    193   175    infeasible                            0.0000   789886         
    198   178        0.0000   396                      0.0000   800791         
    201   179        0.0000   485                      0.0000   818895         
    207   181    infeasible                            0.0000   837030         
Elapsed time = 346.38 sec. (338448.20 ticks, tree = 2.50 MB, solutions = 0)
    210   184        0.0000   534                      0.0000   852801         
    212   186        0.0000   489                      0.0000   874928         
    214   186        0.0000   575                      0.0000   906932         
    216   186        0.0000   496                      0.0000   925011         
    219   187        0.0000   467                      0.0000   946987         
    222   188    infeasible                            0.0000   966365         
    226   192        0.0000   464                      0.0000   977815         
    229   195        0.0000   647                      0.0000   997010         
    231   197        0.0000   653                      0.0000  1016703         
    234   200        0.0000   539                      0.0000  1031065         
Elapsed time = 400.72 sec. (388785.55 ticks, tree = 2.77 MB, solutions = 0)
    238   202        0.0000   397                      0.0000  1051126         
    240   202        0.0000   507                      0.0000  1061985         
    243   205        0.0000   558                      0.0000  1079429         
    247   209        0.0000   507                      0.0000  1090929         
    250   210    infeasible                            0.0000  1105818         
    260   212    infeasible                            0.0000  1133478         
    268   213        0.0000   566                      0.0000  1155771         
    280   213    infeasible                            0.0000  1179532         
    292   213    infeasible                            0.0000  1198406         
    302   213        0.0000   490                      0.0000  1216737         
Elapsed time = 453.35 sec. (437329.88 ticks, tree = 2.99 MB, solutions = 0)
    309   220        0.0000   431                      0.0000  1227572         
    312   223        0.0000   811                      0.0000  1245963         
    316   227        0.0000   674                      0.0000  1261033         
    320   231        0.0000   595                      0.0000  1282898         
    327   237        0.0000   623                      0.0000  1303487         
    330   240        0.0000   645                      0.0000  1322782         
    332   242        0.0000   695                      0.0000  1334757         
    335   245        0.0000   588                      0.0000  1352874         
    339   249        0.0000   446                      0.0000  1375484         
    345   254        0.0000   394                      0.0000  1383059         
Elapsed time = 506.94 sec. (490109.96 ticks, tree = 3.86 MB, solutions = 0)
    350   259        0.0000   562                      0.0000  1403296         
    356   265        0.0000   595                      0.0000  1421019         
    360   267    infeasible                            0.0000  1437792         
    370   273        0.0000   357                      0.0000  1453741         
    376   279        0.0000   351                      0.0000  1469608         
    381   284        0.0000   452                      0.0000  1492566         
    383   284    infeasible                            0.0000  1515287         
    389   288        0.0000   469                      0.0000  1533288         
    394   293        0.0000   533                      0.0000  1554921         
    401   296        0.0000   448                      0.0000  1578306         
Elapsed time = 552.27 sec. (531960.13 ticks, tree = 4.82 MB, solutions = 0)
    409   298    infeasible                            0.0000  1606757         
    416   299        0.0000   506                      0.0000  1629633         
    422   301        0.0000   498                      0.0000  1649787         
    430   301        0.0000   495                      0.0000  1681935         
    439   302        0.0000   486                      0.0000  1708685         
    447   302    infeasible                            0.0000  1734806         
    448   303        0.0000   628                      0.0000  1742402         
    453   308        0.0000   435                      0.0000  1757525         
    460   315        0.0000   325                      0.0000  1771501         
    466   321        0.0000   410                      0.0000  1784597         
Elapsed time = 599.82 sec. (574851.38 ticks, tree = 5.39 MB, solutions = 0)

Clique cuts applied:  58
Zero-half cuts applied:  35

Root node processing (before b&c):
  Real time             =   59.71 sec. (62398.11 ticks)
Sequential b&c:
  Real time             =  540.29 sec. (512645.84 ticks)
                          ------------
Total (root+branch&cut) =  600.00 sec. (575043.95 ticks)
Primal:	1
Dual:	400
Status:	Feasible
Time:	600.056
Sequence:
	0
