Version identifier: 22.1.0.0 | 2022-03-09 | 1a383f8ce
CPXPARAM_Threads                                 1
CPXPARAM_MIP_Strategy_VariableSelect             3
CPXPARAM_TimeLimit                               599.98043000300004
Found incumbent of value 0.000000 after 0.00 sec. (1.97 ticks)

Root node processing (before b&c):
  Real time             =    0.00 sec. (2.10 ticks)
Sequential b&c:
  Real time             =    0.00 sec. (0.00 ticks)
                          ------------
Total (root+branch&cut) =    0.00 sec. (2.10 ticks)
Primal:	300
Dual:	300
Status:	Optimal
Time:	0.12287
Sequence:
	0
	0
	1
	7
	0
	0
	1
	7
	0
	0
	1
	7
	0
	0
	1
	7
	0
	0
	1
	1
	1
	3
	1
	1
	1
	1
	1
	3
	1
	1
	1
	1
	1
	3
	1
	1
	1
	2
	2
	3
	3
	2
	2
	3
	3
	2
	2
	3
	3
	2
	2
	3
	3
	2
	2
	3
	3
	2
	2
	3
	3
	2
	2
	3
	3
	2
	2
	3
	3
	2
	3
	3
	5
	3
	3
	5
	3
	3
	5
	3
	3
	5
	3
	3
	7
	4
	4
	7
	7
	5
	5
	7
	7
	5
	6
	7
	7
	6
	6
	10
	7
	6
	6
	7
	10
	6
	7
	7
	7
	7
	9
	7
	7
	7
	7
	7
	10
	7
	7
	7
	7
	7
	10
	7
	7
	7
	7
	7
	10
	7
	7
	7
	7
	7
	10
	7
	7
	7
	7
	7
	11
	7
	7
	7
	7
	7
	11
	7
	7
	7
	7
	7
	11
	7
	7
	8
	8
	20
	20
	8
	11
	11
	12
	12
	11
	11
	12
	12
	13
	20
	20
	13
	13
	13
	20
	20
	13
	13
	13
	20
	20
	13
	13
	13
	20
	20
	13
	13
	13
	20
	20
	13
	13
	13
	20
	20
	13
	14
	15
	19
	19
	15
	15
	15
	20
	20
	15
	15
	15
	20
	20
	15
	15
	15
	20
	20
	15
	15
	15
	20
	20
	15
	15
	15
	20
	20
	15
	15
	15
	20
	20
	16
	16
	16
	23
	20
	16
	16
	16
	20
	23
	16
	16
	16
	20
	23
	16
	16
	16
	20
	23
	16
	16
	17
	23
	23
	17
	17
	18
	23
	23
	18
	18
	21
	18
	22
	23
	23
	22
	22
	22
	22
	22
	23
	23
	22
	22
	22
	22
	22
	23
	23
	22
	22
	22
	22
	22
	23
	23
	22
	22
	22
	22
	22
	23
	23
	22
	22
	22
	24
