Version identifier: 22.1.0.0 | 2022-03-09 | 1a383f8ce
CPXPARAM_Threads                                 1
CPXPARAM_MIP_Strategy_VariableSelect             3
CPXPARAM_TimeLimit                               599.987722061
Tried aggregator 1 time.
MIP Presolve eliminated 20 rows and 0 columns.
MIP Presolve modified 1 coefficients.
Reduced MIP has 4005 rows, 12500 columns, and 145766 nonzeros.
Reduced MIP has 12500 binaries, 0 generals, 0 SOSs, and 0 indicators.
Presolve time = 0.08 sec. (58.37 ticks)
Found incumbent of value 0.000000 after 0.27 sec. (178.66 ticks)

Root node processing (before b&c):
  Real time             =    0.27 sec. (179.14 ticks)
Sequential b&c:
  Real time             =    0.00 sec. (0.00 ticks)
                          ------------
Total (root+branch&cut) =    0.27 sec. (179.14 ticks)
Primal:	500
Dual:	500
Status:	Optimal
Time:	0.35233
Sequence:
	24
	23
	23
	13
	9
	23
	0
	0
	2
	5
	19
	0
	19
	14
	0
	23
	20
	19
	22
	17
	23
	20
	17
	23
	19
	8
	15
	19
	23
	17
	12
	22
	23
	23
	23
	24
	18
	0
	24
	6
	24
	19
	8
	19
	14
	24
	19
	15
	14
	17
	0
	21
	17
	19
	23
	19
	8
	14
	19
	2
	24
	6
	0
	17
	0
	23
	24
	0
	17
	23
	7
	19
	0
	24
	0
	23
	8
	23
	19
	23
	23
	4
	8
	23
	19
	21
	23
	8
	23
	22
	0
	23
	20
	0
	12
	17
	23
	19
	19
	0
	20
	23
	3
	8
	19
	0
	21
	0
	16
	14
	19
	23
	0
	17
	2
	23
	9
	0
	17
	19
	22
	8
	17
	23
	20
	2
	14
	5
	19
	23
	24
	11
	4
	19
	21
	19
	0
	24
	19
	19
	17
	20
	0
	23
	13
	19
	0
	7
	19
	0
	19
	8
	0
	17
	21
	0
	9
	21
	23
	23
	15
	21
	21
	17
	0
	19
	0
	15
	17
	14
	23
	6
	23
	12
	13
	11
	23
	15
	0
	19
	19
	20
	17
	17
	0
	23
	12
	17
	19
	8
	0
	19
	19
	14
	14
	23
	19
	17
	20
	18
	24
	24
	17
	20
	24
	5
	0
	9
	19
	20
	14
	21
	14
	21
	17
	22
	7
	2
	23
	5
	19
	21
	19
	0
	6
	9
	15
	24
	17
	20
	14
	1
	5
	20
	14
	0
	24
	23
	0
	20
	23
	19
	23
	20
	5
	23
	0
	22
	17
	0
	15
	6
	2
	17
	23
	14
	0
	19
	22
	23
	8
	0
	24
	6
	2
	0
	0
	19
	18
	17
	21
	23
	0
	10
	23
	19
	19
	17
	23
	15
	17
	19
	21
	7
	23
	19
	1
	17
	20
	23
	19
	0
	2
	24
	17
	18
	23
	21
	14
	19
	7
	2
	23
	23
	9
	7
	24
	19
	20
	19
	4
	23
	17
	19
	19
	14
	14
	3
	20
	19
	23
	0
	19
	0
	23
	8
	23
	19
	2
	23
	20
	23
	19
	0
	1
	20
	21
	12
	3
	15
	24
	19
	20
	0
	1
	19
	0
	6
	5
	21
	0
	19
	23
	6
	19
	12
	0
	23
	19
	0
	12
	17
	1
	23
	9
	23
	9
	20
	19
	16
	0
	19
	8
	14
	19
	0
	20
	1
	17
	8
	21
	19
	19
	20
	0
	0
	19
	19
	0
	4
	19
	14
	0
	16
	19
	21
	1
	15
	19
	6
	23
	3
	1
	21
	13
	17
	0
	1
	23
	1
	17
	0
	19
	17
	17
	0
	1
	17
	21
	7
	23
	2
	5
	24
	17
	19
	23
	19
	20
	0
	15
	19
	0
	20
	17
	11
	21
	18
	23
	8
	19
	24
	21
	20
	0
	23
	7
	23
	2
	14
	9
	23
	23
	9
	0
	21
	19
	23
	19
	23
	22
	5
	0
	0
	3
	0
	22
	23
	2
	20
	17
	23
	17
	23
	19
	19
	23
	16
	24
	16
	23
	23
	14
	16
	20
	23
	0
	24
	5
	17
	23
	8
	21
	5
	0
	0
	19
	20
	17
	14
