Version identifier: 22.1.0.0 | 2022-03-09 | 1a383f8ce
CPXPARAM_Threads                                 1
CPXPARAM_MIP_Strategy_VariableSelect             3
CPXPARAM_TimeLimit                               600
Tried aggregator 1 time.
MIP Presolve eliminated 13 rows and 0 columns.
MIP Presolve modified 1 coefficients.
Reduced MIP has 4507 rows, 10001 columns, and 137465 nonzeros.
Reduced MIP has 10000 binaries, 0 generals, 0 SOSs, and 0 indicators.
Presolve time = 0.06 sec. (44.21 ticks)
Found incumbent of value 19.000000 after 0.17 sec. (116.46 ticks)
Probing time = 0.01 sec. (4.79 ticks)
Tried aggregator 1 time.
Detecting symmetries...
Reduced MIP has 4507 rows, 10001 columns, and 137465 nonzeros.
Reduced MIP has 10000 binaries, 0 generals, 0 SOSs, and 0 indicators.
Presolve time = 0.08 sec. (55.03 ticks)
Probing time = 0.01 sec. (4.79 ticks)
Clique table members: 500.
MIP emphasis: balance optimality and feasibility.
MIP search method: dynamic search.
Parallel mode: none, using 1 thread.
Root relaxation solution time = 37.24 sec. (36787.18 ticks)

        Nodes                                         Cuts/
   Node  Left     Objective  IInf  Best Integer    Best Bound    ItCnt     Gap

*     0+    0                           19.0000        0.0000           100.00%
      0     0       -0.0000  2718       19.0000        0.0000    37821  100.00%
*     0+    0                            3.0000        0.0000           100.00%
*     0+    0                            2.0000        0.0000           100.00%
Detecting symmetries...
      0     2       -0.0000  1648        2.0000        0.0000    37821  100.00%
Elapsed time = 146.55 sec. (140536.76 ticks, tree = 0.01 MB, solutions = 3)
      1     3       -0.0000  2366        2.0000        0.0000    78715  100.00%
      2     4        0.0000  2402        2.0000        0.0000   110117  100.00%
      3     5        0.0000  2428        2.0000        0.0000   186431  100.00%
      4     6        0.0016  2523        2.0000        0.0000   324204  100.00%
      5     7        0.0000  2441        2.0000        0.0000   327490  100.00%
      6     8       -0.0000  2427        2.0000        0.0000   327806  100.00%
      7     9        0.0000  2519        2.0000        0.0000   341975  100.00%
      8    10       -0.0000  2432        2.0000        0.0000   342202  100.00%
      9    11        0.0000  2432        2.0000        0.0000   342203  100.00%
     10    12        0.0000  2427        2.0000        0.0000   342308  100.00%
Elapsed time = 461.62 sec. (440459.65 ticks, tree = 0.11 MB, solutions = 3)
     11    13        0.0000  2436        2.0000        0.0000   344990  100.00%
     13    15       -0.0000  2445        2.0000        0.0000   345315  100.00%
     14    16        0.0000  2418        2.0000        0.0000   347003  100.00%
     15    17        0.0019  2426        2.0000        0.0000   363285  100.00%
     17    19        0.0000  2411        2.0000        0.0000   363552  100.00%
     19    21        0.0000  2412        2.0000        0.0000   364931  100.00%
     20    22       -0.0000  2408        2.0000        0.0000   365946  100.00%
     21    23        0.0000  2385        2.0000        0.0000   370267  100.00%
     23    25       -0.0000  2367        2.0000        0.0000   371600  100.00%
     25    27        0.0000  2365        2.0000        0.0000   371824  100.00%
Elapsed time = 491.54 sec. (472062.10 ticks, tree = 0.15 MB, solutions = 3)
     26    28        0.0003  2466        2.0000        0.0000   375703  100.00%
     28    30        0.0023  2379        2.0000        0.0000   383384  100.00%
     29    31        0.0000  2332        2.0000        0.0000   385106  100.00%
     30    32        0.0000  2328        2.0000        0.0000   385943  100.00%
     32    34        0.0022  2423        2.0000        0.0000   401241  100.00%
     33    35        0.0000  2315        2.0000        0.0000   403820  100.00%
     34    36        0.0000  2323        2.0000        0.0000   404062  100.00%
     35    37        0.0004  2424        2.0000        0.0000   408222  100.00%
     36    38        0.0000  2322        2.0000        0.0000   408684  100.00%
     37    39        0.0000  2324        2.0000        0.0000   410035  100.00%
Elapsed time = 537.18 sec. (518968.19 ticks, tree = 0.19 MB, solutions = 3)
     39    41        0.0000  2330        2.0000        0.0000   410143  100.00%
*    40+   40                            1.5000        0.0000           100.00%

Root node processing (before b&c):
  Real time             =  146.47 sec. (140477.38 ticks)
Sequential b&c:
  Real time             =  453.56 sec. (439352.92 ticks)
                          ------------
Total (root+branch&cut) =  600.03 sec. (579830.30 ticks)
Primal:	1.5
Dual:	0
Status:	Feasible
Time:	600.11
Sequence:
	5
	14
	14
	3
	1
	3
	5
	14
	8
	12
	16
	1
	1
	1
	7
	13
	17
	15
	0
	18
	1
	0
	18
	7
	18
	18
	5
	0
	10
	10
	19
	9
	3
	0
	18
	2
	15
	4
	14
	0
	3
	17
	8
	18
	4
	15
	2
	14
	8
	10
	3
	15
	4
	17
	5
	16
	18
	12
	9
	7
	15
	10
	4
	12
	14
	3
	15
	12
	18
	15
	12
	1
	15
	18
	15
	15
	3
	16
	11
	15
	9
	12
	17
	18
	14
	11
	10
	8
	2
	4
	12
	5
	16
	0
	14
	16
	16
	16
	17
	11
	11
	19
	17
	2
	2
	10
	18
	7
	7
	15
	18
	13
	11
	13
	12
	1
	18
	0
	1
	1
	6
	5
	6
	17
	1
	18
	7
	6
	3
	8
	5
	16
	8
	18
	4
	1
	7
	19
	18
	3
	14
	3
	16
	16
	10
	6
	2
	2
	17
	17
	0
	15
	16
	3
	5
	6
	6
	5
	16
	19
	5
	16
	3
	11
	1
	12
	8
	4
	5
	12
	19
	11
	9
	14
	5
	6
	5
	5
	3
	6
	16
	12
	16
	16
	12
	16
	15
	11
	2
	17
	6
	8
	0
	17
	5
	5
	7
	19
	9
	5
	10
	8
	5
	10
	0
	5
	4
	2
	1
	19
	9
	10
	5
	9
	0
	16
	17
	7
	18
	3
	18
	2
	16
	6
	7
	2
	1
	19
	12
	7
	3
	8
	8
	16
	7
	18
	7
	19
	7
	18
	0
	13
	9
	19
	13
	6
	0
	1
	7
	11
	5
	19
	10
	12
	10
	11
	5
	19
	19
	5
	3
	15
	12
	3
	1
	3
	17
	17
	0
	16
	9
	11
	13
	13
	19
	3
	3
	8
	5
	6
	13
	11
	19
	8
	19
	4
	17
	5
	4
	11
	12
	18
	11
	12
	7
	13
	11
	4
	5
	18
	4
	18
	5
	9
	11
	0
	13
	11
	13
	15
	1
	6
	12
	3
	3
	1
	1
	12
	1
	8
	14
	19
	4
	4
	0
	10
	2
	1
	13
	1
	2
	3
	6
	5
	3
	14
	13
	6
	13
	0
	8
	16
	0
	13
	13
	1
	6
	12
	6
	5
	6
	1
	6
	12
	13
	0
	11
	14
	19
	5
	4
	2
	4
	2
	8
	2
	12
	12
	14
	17
	18
	18
	13
	7
	16
	1
	1
	15
	9
	1
	3
	12
	11
	16
	16
	2
	12
	6
	6
	14
	17
	5
	8
	7
	0
	7
	18
	8
	0
	1
	4
	7
	4
	5
	8
	14
	15
	14
	8
	3
	8
	7
	18
	7
	18
	11
	15
	3
	8
	8
	16
	16
	17
	14
	15
	11
	2
	8
	0
	2
	10
	10
	5
	11
	13
	2
	6
	12
	9
	5
	11
	17
	17
	10
	10
	6
	4
	7
	0
	5
	4
	12
	10
	8
	0
	10
	6
	9
	7
	13
	19
	9
	14
	0
	2
	0
	13
	6
	17
	8
	5
	10
	5
	2
	10
	8
	19
	10
	15
	2
	3
	5
	5
	9
	15
	7
	4
	4
	5
	10
	9
	10
	14
	14
	6
	6
	2
	16
	8
	5
