Version identifier: 22.1.0.0 | 2022-03-09 | 1a383f8ce
CPXPARAM_Threads                                 1
CPXPARAM_MIP_Strategy_VariableSelect             3
CPXPARAM_TimeLimit                               600
Tried aggregator 1 time.
Reduced MIP has 1825 rows, 10500 columns, and 82530 nonzeros.
Reduced MIP has 9300 binaries, 1200 generals, 0 SOSs, and 0 indicators.
Presolve time = 0.04 sec. (31.94 ticks)
Tried aggregator 1 time.
Detecting symmetries...
Reduced MIP has 1825 rows, 10500 columns, and 82530 nonzeros.
Reduced MIP has 9300 binaries, 1200 generals, 0 SOSs, and 0 indicators.
Presolve time = 0.05 sec. (47.48 ticks)
Probing time = 0.01 sec. (8.53 ticks)
Clique table members: 301.
MIP emphasis: balance optimality and feasibility.
MIP search method: dynamic search.
Parallel mode: none, using 1 thread.
Root relaxation solution time = 1.15 sec. (1204.52 ticks)

        Nodes                                         Cuts/
   Node  Left     Objective  IInf  Best Integer    Best Bound    ItCnt     Gap

      0     0        0.0000  1696                      0.0000     4306         
Detecting symmetries...
      0     2        0.0000   255                      0.0000     4306         
Elapsed time = 14.25 sec. (14404.88 ticks, tree = 0.01 MB, solutions = 0)
      1     3        0.0000   293                      0.0000    12979         
      2     4        0.0000   669                      0.0000    18050         
      3     5        0.0000   263                      0.0000    21294         
      4     6        0.0000   254                      0.0000    23131         
      5     7        0.0000   265                      0.0000    33701         
      7     7        0.0000   140                      0.0000    41540         
      8     8        0.0000   326                      0.0000    49435         
      9     9        0.0000   220                      0.0000    51505         
     10    10        0.0000   200                      0.0000    64443         
     12    12        0.0000   265                      0.0000    68077         
Elapsed time = 34.51 sec. (36224.87 ticks, tree = 0.12 MB, solutions = 0)
     13    13        0.0000   368                      0.0000    72140         
     15    15        0.0000   659                      0.0000    73255         
     17    17        0.0000   611                      0.0000    74175         
     18    18        0.0000   682                      0.0000    75818         
     20    20        0.0000   635                      0.0000    77543         
     21    21        0.0000   645                      0.0000    79186         
     23    23        0.0000   547                      0.0000    80924         
     24    24        0.0000   479                      0.0000    82879         
     25    25        0.0000   691                      0.0000    85239         
     27    27        0.0000   439                      0.0000    89609         
Elapsed time = 48.05 sec. (50401.52 ticks, tree = 0.37 MB, solutions = 0)
     28    28        0.0000   451                      0.0000    94847         
     30    30        0.0000   484                      0.0000    95591         
     32    32        0.0000   616                      0.0000   100140         
     34    34        0.0000   445                      0.0000   103035         
     35    35       -0.0000   536                      0.0000   106759         
     36    36        0.0000   432                      0.0000   108773         
     37    37        0.0000   564                      0.0000   112029         
     39    39        0.0000   447                      0.0000   114700         
     40    40       -0.0000   383                      0.0000   117494         
     41    41       -0.0000   402                      0.0000   124096         
Elapsed time = 66.54 sec. (70018.80 ticks, tree = 0.57 MB, solutions = 0)
     42    42        0.0000   537                      0.0000   126292         
     43    43       -0.0000   527                      0.0000   129927         
     44    44        0.0000   586                      0.0000   132282         
     46    46       -0.0000   486                      0.0000   134102         
     48    48       -0.0000   461                      0.0000   136829         
     50    50        0.0000   457                      0.0000   137230         
     51    51       -0.0000   632                      0.0000   142944         
     52    52       -0.0000   540                      0.0000   146036         
     54    54        0.0000   490                      0.0000   147819         
     55    55        0.0000   550                      0.0000   152065         
Elapsed time = 84.10 sec. (88370.37 ticks, tree = 0.80 MB, solutions = 0)
     57    57       -0.0000   485                      0.0000   152714         
     59    59        0.0000   437                      0.0000   156620         
     60    60       -0.0000   309                      0.0000   160083         
     61    61       -0.0000   481                      0.0000   163115         
     63    63       -0.0000   381                      0.0000   163957         
     65    65       -0.0000   553                      0.0000   170015         
     67    67        0.0000   418                      0.0000   172301         
     69    69        0.0000   386                      0.0000   176069         
     71    71        0.0000   497                      0.0000   179359         
     72    72       -0.0000   383                      0.0000   183130         
Elapsed time = 99.76 sec. (104811.07 ticks, tree = 1.08 MB, solutions = 0)
     74    74       -0.0000   471                      0.0000   187784         
     75    75       -0.0000   313                      0.0000   191159         
     76    76        0.0000   347                      0.0000   194303         
     77    77        0.0000   334                      0.0000   196491         
     79    79       -0.0000   413                      0.0000   198627         
     80    80       -0.0000   572                      0.0000   203952         
     81    81        0.0000   375                      0.0000   207517         
     82    82        0.0000   405                      0.0000   213342         
     83    83        0.0000   370                      0.0000   216950         
     84    84        0.0000   412                      0.0000   221483         
Elapsed time = 121.88 sec. (127854.93 ticks, tree = 1.25 MB, solutions = 0)
     85    85       -0.0000   685                      0.0000   224382         
     86    86       -0.0000   346                      0.0000   227049         
     88    88        0.0000   403                      0.0000   230152         
     89    89        0.0000   371                      0.0000   232471         
     91    91        0.0000   574                      0.0000   234911         
     94    94       -0.0000   476                      0.0000   237933         
     96    96        0.0000   467                      0.0000   239573         
     97    97       -0.0000   492                      0.0000   242360         
     99    99       -0.0000   470                      0.0000   244992         
    100   100       -0.0000   786                      0.0000   247304         
Elapsed time = 135.65 sec. (142325.91 ticks, tree = 1.51 MB, solutions = 0)
    102   102       -0.0000   607                      0.0000   247986         
    104   104       -0.0000   642                      0.0000   249755         
    107   107       -0.0000   588                      0.0000   250287         
    108   108       -0.0000   550                      0.0000   253126         
    110   110       -0.0000   576                      0.0000   256322         
    112   112       -0.0000   551                      0.0000   258631         
    113   113       -0.0000   661                      0.0000   260613         
    115   115       -0.0000   605                      0.0000   261109         
    116   116       -0.0000   524                      0.0000   263501         
    117   117       -0.0000   584                      0.0000   266031         
Elapsed time = 148.66 sec. (155799.25 ticks, tree = 1.81 MB, solutions = 0)
    118   118        0.0000   683                      0.0000   268167         
    120   120        0.0000   740                      0.0000   271896         
    122   122        0.0000   617                      0.0000   274942         
    123   123       -0.0000   516                      0.0000   277219         
    124   124        0.0000   495                      0.0000   279150         
    126   126       -0.0000   494                      0.0000   280726         
    127   127        0.0000   627                      0.0000   282653         
    129   129        0.0000   570                      0.0000   284106         
    130   130        0.0000   519                      0.0000   286293         
    132   132       -0.0000   520                      0.0000   287611         
Elapsed time = 160.65 sec. (168221.14 ticks, tree = 2.11 MB, solutions = 0)
    134   134       -0.0000   515                      0.0000   289231         
    135   135        0.0000   554                      0.0000   291563         
    137   137       -0.0000   543                      0.0000   293700         
    139   139       -0.0000   520                      0.0000   294729         
    141   141       -0.0000   452                      0.0000   298970         
    142   142       -0.0000   597                      0.0000   301231         
    144   144       -0.0000   585                      0.0000   304834         
    146   146       -0.0000   545                      0.0000   307541         
    148   148        0.0000   485                      0.0000   309195         
    151   151       -0.0000   545                      0.0000   320968         
Elapsed time = 176.11 sec. (184073.82 ticks, tree = 2.45 MB, solutions = 0)
    158   158        0.0000   608                      0.0000   327339         
    164   164       -0.0000   495                      0.0000   332948         
    170   170        0.0000   458                      0.0000   341797         
    176   176       -0.0000   598                      0.0000   349027         
    180   180       -0.0000   564                      0.0000   355653         
    186   186       -0.0000   537                      0.0000   361884         
    192   192       -0.0000   384                      0.0000   369050         
    198   198       -0.0000   412                      0.0000   376015         
    205   205        0.0000   325                      0.0000   382310         
    212   212       -0.0000   318                      0.0000   389374         
Elapsed time = 215.86 sec. (224865.00 ticks, tree = 3.34 MB, solutions = 0)
    220   220        0.0000   277                      0.0000   396121         
    226   226        0.0000   352                      0.0000   403871         
    233   233        0.0000   299                      0.0000   413376         
    240   240       -0.0000   272                      0.0000   421866         
    248   248        0.0000   198                      0.0000   429125         
    255   255       -0.0000   270                      0.0000   438899         
    260   260       -0.0000   305                      0.0000   444192         
    268   266       -0.0000   326                      0.0000   452972         
    276   274        0.0000   289                      0.0000   461297         
    282   280        0.0000   256                      0.0000   467078         
Elapsed time = 259.64 sec. (268733.78 ticks, tree = 4.58 MB, solutions = 0)
    289   285    infeasible                            0.0000   489485         
    298   294        9.0000   226                      0.0000   495243         
    304   300        9.0000   152                      0.0000   499950         
*   307   264      integral     0        9.0000        0.0000   501564  100.00%
    320   272        3.9597   403        9.0000        0.0000   505388  100.00%
    338   277        0.0000   597        9.0000        0.0000   510639  100.00%
    342   281        0.0000   631        9.0000        0.0000   514462  100.00%
    348   286       -0.0000   562        9.0000        0.0000   521408  100.00%
    357   295       -0.0000   503        9.0000        0.0000   526739  100.00%
    368   304        0.0000   673        9.0000        0.0000   532310  100.00%
    383   317        0.0000   622        9.0000        0.0000   534919  100.00%
Elapsed time = 303.43 sec. (311136.08 ticks, tree = 5.25 MB, solutions = 1)
    395   328        0.0000   637        9.0000        0.0000   539809  100.00%
    405   336        0.0000   415        9.0000        0.0000   544603  100.00%
    421   351       -0.0000   316        9.0000        0.0000   549237  100.00%
    436   366        0.0000   417        9.0000        0.0000   556130  100.00%
    451   378        1.0000   323        9.0000        0.0000   564087  100.00%
    472   390       -0.0000   351        9.0000        0.0000   570340  100.00%
    486   403       -0.0000   307        9.0000        0.0000   576861  100.00%
    499   414        1.0000   430        9.0000        0.0000   586527  100.00%
    515   427        1.0000   266        9.0000        0.0000   594403  100.00%
    525   433        0.0000   272        9.0000        0.0000   606164  100.00%
Elapsed time = 348.75 sec. (350409.02 ticks, tree = 5.84 MB, solutions = 1)
    533   440       -0.0000   318        9.0000        0.0000   615519  100.00%
    544   450       -0.0000   234        9.0000        0.0000   626413  100.00%
    557   461        0.0000   230        9.0000        0.0000   634434  100.00%
    571   475       -0.0000   356        9.0000        0.0000   644789  100.00%
    588   489       -0.0000   237        9.0000        0.0000   653841  100.00%
    605   506        0.0000   128        9.0000        0.0000   664276  100.00%
*   621   455      integral     0        1.0000        0.0000   673268  100.00%
    625   456       -0.0000   266        1.0000        0.0000   674803  100.00%
    650   472    infeasible              1.0000        0.0000   681160  100.00%
    667   488        0.0000   315        1.0000        0.0000   687952  100.00%
    686   501       -0.0000   157        1.0000        0.0000   694786  100.00%
Elapsed time = 395.57 sec. (389766.25 ticks, tree = 5.88 MB, solutions = 2)
    708   501        0.0000   259        1.0000        0.0000   709663  100.00%
    727   518        0.0000   300        1.0000        0.0000   714380  100.00%
    751   528    infeasible              1.0000        0.0000   722912  100.00%
    774   542    infeasible              1.0000        0.0000   730227  100.00%
    791   551        0.0000   264        1.0000        0.0000   737589  100.00%
    808   552        0.0000   310        1.0000        0.0000   754584  100.00%
    825   555    infeasible              1.0000        0.0000   766941  100.00%
    840   554        cutoff              1.0000        0.0000   783693  100.00%
    850   559        0.0000   320        1.0000        0.0000   798560  100.00%
    865   569       -0.0000   172        1.0000        0.0000   809938  100.00%
Elapsed time = 442.99 sec. (429438.99 ticks, tree = 6.24 MB, solutions = 2)
    885   576       -0.0000   425        1.0000        0.0000   821939  100.00%
    904   584    infeasible              1.0000        0.0000   831209  100.00%
    924   589       -0.0000   379        1.0000        0.0000   843465  100.00%
    945   595    infeasible              1.0000        0.0000   855334  100.00%
    963   602       -0.0000   337        1.0000        0.0000   866816  100.00%
    980   615        0.0000   372        1.0000        0.0000   876003  100.00%
    989   620       -0.0000   515        1.0000        0.0000   886170  100.00%
    998   628        0.0000   504        1.0000        0.0000   891072  100.00%
   1008   637       -0.0000   470        1.0000        0.0000   895630  100.00%
   1018   647       -0.0000   463        1.0000        0.0000   899392  100.00%
Elapsed time = 487.88 sec. (469640.84 ticks, tree = 6.63 MB, solutions = 2)
   1026   655       -0.0000   525        1.0000        0.0000   905595  100.00%
   1035   663       -0.0000   463        1.0000        0.0000   910499  100.00%
   1044   671        0.0000   510        1.0000        0.0000   913364  100.00%
*  1050+    0                            0.0000        0.0000             0.00%

Zero-half cuts applied:  2

Root node processing (before b&c):
  Real time             =   14.19 sec. (14352.61 ticks)
Sequential b&c:
  Real time             =  488.40 sec. (469932.13 ticks)
                          ------------
Total (root+branch&cut) =  502.59 sec. (484284.74 ticks)
Violation-free sequence bound:	300
Unscheduled:	0
Status:	Optimal
Time:	502.6
Sequence:
	6
	14
	20
	22
	21
	10
	13
	8
	0
	18
	11
	1
	0
	24
	10
	13
	8
	0
	10
	24
	0
	1
	8
	12
	10
	11
	1
	0
	24
	0
	15
	22
	21
	10
	7
	14
	21
	10
	20
	22
	0
	15
	3
	1
	23
	17
	14
	21
	22
	21
	14
	6
	9
	13
	3
	20
	10
	7
	10
	1
	8
	12
	9
	6
	14
	20
	3
	23
	18
	11
	1
	0
	24
	0
	15
	22
	12
	9
	6
	9
	13
	3
	20
	10
	13
	8
	18
	0
	24
	5
	18
	11
	18
	5
	8
	12
	10
	7
	14
	12
	8
	12
	14
	11
	18
	23
	17
	5
	15
	0
	24
	0
	15
	4
	18
	23
	17
	23
	1
	19
	15
	0
	17
	9
	13
	3
	20
	10
	16
	23
	18
	19
	9
	12
	22
	20
	10
	8
	12
	10
	7
	14
	21
	22
	12
	9
	4
	18
	23
	17
	14
	21
	22
	12
	9
	4
	10
	20
	3
	20
	10
	22
	20
	10
	6
	9
	5
	17
	23
	18
	22
	21
	10
	16
	23
	15
	19
	18
	23
	17
	5
	15
	19
	18
	23
	16
	14
	21
	3
	23
	1
	8
	12
	10
	7
	14
	20
	3
	12
	9
	7
	14
	21
	3
	5
	15
	4
	10
	21
	22
	12
	9
	4
	10
	20
	3
	13
	9
	17
	0
	15
	4
	18
	23
	17
	5
	15
	19
	14
	21
	22
	14
	21
	3
	23
	1
	11
	18
	0
	8
	14
	20
	3
	12
	9
	24
	23
	18
	19
	15
	5
	22
	21
	10
	4
	15
	0
	17
	23
	1
	3
	21
	9
	2
	14
	21
	3
	5
	15
	19
	15
	0
	24
	5
	18
	11
	18
	5
	24
	0
	15
	19
	15
	5
	17
	23
	18
	22
	20
	10
	19
	15
	23
	16
	10
	21
	22
	20
	14
	6
Violation-free sequence:
	6
	14
	20
	22
	21
	10
	13
	8
	0
	18
	11
	1
	0
	24
	10
	13
	8
	0
	10
	24
	0
	1
	8
	12
	10
	11
	1
	0
	24
	0
	15
	22
	21
	10
	7
	14
	21
	10
	20
	22
	0
	15
	3
	1
	23
	17
	14
	21
	22
	21
	14
	6
	9
	13
	3
	20
	10
	7
	10
	1
	8
	12
	9
	6
	14
	20
	3
	23
	18
	11
	1
	0
	24
	0
	15
	22
	12
	9
	6
	9
	13
	3
	20
	10
	13
	8
	18
	0
	24
	5
	18
	11
	18
	5
	8
	12
	10
	7
	14
	12
	8
	12
	14
	11
	18
	23
	17
	5
	15
	0
	24
	0
	15
	4
	18
	23
	17
	23
	1
	19
	15
	0
	17
	9
	13
	3
	20
	10
	16
	23
	18
	19
	9
	12
	22
	20
	10
	8
	12
	10
	7
	14
	21
	22
	12
	9
	4
	18
	23
	17
	14
	21
	22
	12
	9
	4
	10
	20
	3
	20
	10
	22
	20
	10
	6
	9
	5
	17
	23
	18
	22
	21
	10
	16
	23
	15
	19
	18
	23
	17
	5
	15
	19
	18
	23
	16
	14
	21
	3
	23
	1
	8
	12
	10
	7
	14
	20
	3
	12
	9
	7
	14
	21
	3
	5
	15
	4
	10
	21
	22
	12
	9
	4
	10
	20
	3
	13
	9
	17
	0
	15
	4
	18
	23
	17
	5
	15
	19
	14
	21
	22
	14
	21
	3
	23
	1
	11
	18
	0
	8
	14
	20
	3
	12
	9
	24
	23
	18
	19
	15
	5
	22
	21
	10
	4
	15
	0
	17
	23
	1
	3
	21
	9
	2
	14
	21
	3
	5
	15
	19
	15
	0
	24
	5
	18
	11
	18
	5
	24
	0
	15
	19
	15
	5
	17
	23
	18
	22
	20
	10
	19
	15
	23
	16
	10
	21
	22
	20
	14
	6
