Version identifier: 22.1.0.0 | 2022-03-09 | 1a383f8ce
CPXPARAM_Threads                                 1
CPXPARAM_MIP_Strategy_VariableSelect             3
CPXPARAM_TimeLimit                               600
Tried aggregator 1 time.
Reduced MIP has 1825 rows, 10500 columns, and 86079 nonzeros.
Reduced MIP has 9000 binaries, 1500 generals, 0 SOSs, and 0 indicators.
Presolve time = 0.05 sec. (33.77 ticks)
Tried aggregator 1 time.
Detecting symmetries...
Reduced MIP has 1825 rows, 10500 columns, and 86079 nonzeros.
Reduced MIP has 9000 binaries, 1500 generals, 0 SOSs, and 0 indicators.
Presolve time = 0.05 sec. (49.41 ticks)
Probing time = 0.01 sec. (8.77 ticks)
Clique table members: 301.
MIP emphasis: balance optimality and feasibility.
MIP search method: dynamic search.
Parallel mode: none, using 1 thread.
Root relaxation solution time = 1.26 sec. (1295.23 ticks)

        Nodes                                         Cuts/
   Node  Left     Objective  IInf  Best Integer    Best Bound    ItCnt     Gap

      0     0        0.0000  1701                      0.0000     4634         
Detecting symmetries...
      0     2        0.0000   176                      0.0000     4634         
Elapsed time = 15.89 sec. (16726.17 ticks, tree = 0.01 MB, solutions = 0)
      1     3        0.0000   617                      0.0000    14134         
      2     4        0.0000   436                      0.0000    16322         
      3     5        0.0000   593                      0.0000    20856         
      4     6        0.0000   499                      0.0000    21001         
      5     7        0.0000   484                      0.0000    21864         
      7     7        0.0000   415                      0.0000    23980         
      8     8        0.0000   364                      0.0000    25911         
      9     9        0.0000   588                      0.0000    28719         
     10    10        0.0000   391                      0.0000    28875         
     11    11        0.0000   369                      0.0000    35520         
Elapsed time = 28.81 sec. (30393.51 ticks, tree = 0.10 MB, solutions = 0)
     12    12        0.0000   387                      0.0000    37235         
     13    13        0.0000   366                      0.0000    39371         
     14    14        0.0000   653                      0.0000    45286         
     16    16        0.0000   243                      0.0000    46632         
     17    17        0.0000   590                      0.0000    49354         
     18    18        0.0000   380                      0.0000    51826         
     19    19        0.0000   385                      0.0000    57932         
     20    20        0.0000   394                      0.0000    60816         
     22    20        0.0000   334                      0.0000    68174         
     23    21        0.0000   444                      0.0000    72999         
Elapsed time = 43.38 sec. (45574.64 ticks, tree = 0.23 MB, solutions = 0)
     25    23        0.0000  1463                      0.0000    79040         
     26    24        0.0000   388                      0.0000    80042         
     27    25        0.0000   509                      0.0000    95813         
     29    27        0.0000  1532                      0.0000   107728         
     31    29        0.0000   407                      0.0000   109207         
     33    31        0.0000   560                      0.0000   115902         
     35    33        0.0000   316                      0.0000   118460         
     37    35        0.0000   512                      0.0000   120750         
     39    37        0.0000   281                      0.0000   123917         
     40    38        0.0000   249                      0.0000   126601         
Elapsed time = 64.76 sec. (67972.38 ticks, tree = 0.46 MB, solutions = 0)
     41    39        0.0000   590                      0.0000   129138         
     42    40        0.0000  1328                      0.0000   134318         
     44    42        0.0000   172                      0.0000   135782         
     46    44        0.0000   402                      0.0000   139440         
     48    46        0.0000   486                      0.0000   143052         
     50    48        0.0000   171                      0.0000   144816         
     51    49        0.0000   518                      0.0000   146898         
     52    50        0.0000   298                      0.0000   150119         
     53    51        0.0000   303                      0.0000   153696         
     55    53        0.0000   359                      0.0000   155713         
Elapsed time = 80.97 sec. (84721.41 ticks, tree = 0.67 MB, solutions = 0)
     57    55        0.0000  1272                      0.0000   159803         
     59    57        0.0000   146                      0.0000   162503         
     60    58        0.0000  1275                      0.0000   167410         
     62    60        0.0000   657                      0.0000   169196         
     64    62        0.0000   952                      0.0000   173550         
     66    64        0.0000   152                      0.0000   175685         
     68    66        0.0000   266                      0.0000   180260         
     69    67        0.0000   839                      0.0000   182799         
     71    69        0.0000   725                      0.0000   185753         
     73    71        0.0000   785                      0.0000   189153         
Elapsed time = 102.69 sec. (107264.22 ticks, tree = 0.95 MB, solutions = 0)
     75    73        0.0000  1274                      0.0000   193011         
     77    75        0.0000   588                      0.0000   201083         
     78    76        0.0000   540                      0.0000   204428         
     79    77        0.0000   465                      0.0000   207813         
     80    78        0.0000   765                      0.0000   212560         
     82    80        0.0000   536                      0.0000   213280         
     84    82        0.0000   483                      0.0000   214823         
     85    83        0.0000   520                      0.0000   217989         
     87    85        0.0000   514                      0.0000   218693         
     89    87        0.0000   582                      0.0000   220704         
Elapsed time = 118.99 sec. (124169.83 ticks, tree = 1.18 MB, solutions = 0)
     91    89        0.0000   450                      0.0000   223623         
     92    90        0.0000   698                      0.0000   226826         
     94    92        0.0000   567                      0.0000   229178         
     97    95        0.0000   560                      0.0000   232076         
     98    96        0.0000  1000                      0.0000   234264         
    100    98        0.0000   482                      0.0000   236866         
    102   100        0.0000   415                      0.0000   239589         
    103   101        0.0000   805                      0.0000   242274         
    105   103        0.0000   922                      0.0000   246361         
    107   105        0.0000  1006                      0.0000   251071         
Elapsed time = 135.51 sec. (141152.09 ticks, tree = 1.51 MB, solutions = 0)
    109   107        0.0000   825                      0.0000   254849         
    111   109        0.0000   491                      0.0000   255725         
    114   112        0.0000   463                      0.0000   256501         
    116   114        0.0000   769                      0.0000   259910         
    119   117        0.0000   431                      0.0000   261236         
    120   118        0.0000   815                      0.0000   264305         
    123   121        0.0000   461                      0.0000   264946         
    125   123        0.0000   305                      0.0000   267669         
    126   124        0.0000   484                      0.0000   270775         
    128   126        0.0000   419                      0.0000   272515         
Elapsed time = 153.34 sec. (159170.61 ticks, tree = 1.89 MB, solutions = 0)
    130   128        0.0000   607                      0.0000   275862         
    132   130        0.0000   429                      0.0000   277304         
    134   132        0.0000   408                      0.0000   279018         
    136   134        0.0000   403                      0.0000   280932         
    137   135       -0.0000   995                      0.0000   284362         
    139   137       -0.0000   933                      0.0000   287858         
    141   139        0.0000   322                      0.0000   289775         
    142   140        0.0000   612                      0.0000   292593         
    144   142        0.0000   715                      0.0000   297545         
    146   144        0.0000   445                      0.0000   298395         
Elapsed time = 167.40 sec. (173434.70 ticks, tree = 2.23 MB, solutions = 0)
    147   145       -0.0000   403                      0.0000   301125         
    148   146       -0.0000   618                      0.0000   303588         
    149   147        0.0000   649                      0.0000   305208         
    151   149       -0.0000   653                      0.0000   305956         
    153   151        0.0000   585                      0.0000   308824         
    155   153        0.0000   594                      0.0000   309807         
    156   154        0.0000   600                      0.0000   311919         
    158   156       -0.0000   542                      0.0000   315450         
    160   158       -0.0000   598                      0.0000   317736         
    164   162       -0.0000   594                      0.0000   327480         
Elapsed time = 183.96 sec. (190319.62 ticks, tree = 2.54 MB, solutions = 0)
    169   167        0.0000   431                      0.0000   336876         
    173   171        0.2500   446                      0.0000   346465         
    179   177       -0.0000   144                      0.0000   353845         
    184   182        0.0000    83                      0.0000   359752         
*   186     0      integral     0        0.0000        0.0000   360598    0.00%

Root node processing (before b&c):
  Real time             =   15.83 sec. (16669.01 ticks)
Sequential b&c:
  Real time             =  184.73 sec. (190717.89 ticks)
                          ------------
Total (root+branch&cut) =  200.56 sec. (207386.90 ticks)
Violation-free sequence bound:	300
Unscheduled:	0
Status:	Optimal
Time:	200.59
Sequence:
	21
	18
	15
	0
	1
	9
	11
	13
	2
	13
	11
	9
	2
	13
	15
	9
	2
	9
	20
	13
	2
	18
	11
	0
	2
	0
	11
	24
	1
	13
	0
	11
	6
	8
	13
	15
	6
	11
	18
	13
	1
	0
	11
	24
	6
	0
	15
	7
	21
	0
	20
	0
	21
	18
	0
	15
	6
	18
	8
	0
	2
	12
	11
	18
	2
	0
	0
	11
	6
	11
	0
	15
	18
	23
	9
	16
	0
	2
	24
	10
	0
	23
	12
	10
	9
	20
	3
	16
	18
	24
	1
	12
	15
	18
	22
	24
	16
	12
	8
	3
	10
	12
	20
	7
	2
	7
	15
	12
	19
	13
	8
	13
	2
	9
	4
	7
	2
	13
	11
	12
	21
	0
	15
	24
	2
	24
	15
	13
	21
	13
	11
	13
	23
	9
	15
	9
	22
	12
	11
	12
	17
	13
	15
	9
	22
	9
	0
	20
	14
	4
	24
	16
	6
	24
	16
	24
	1
	0
	11
	0
	21
	12
	16
	9
	2
	9
	4
	13
	1
	7
	11
	0
	2
	0
	11
	18
	2
	0
	16
	9
	14
	16
	13
	4
	14
	11
	13
	20
	6
	10
	24
	4
	3
	12
	10
	24
	16
	6
	15
	18
	10
	3
	0
	16
	24
	2
	7
	16
	13
	19
	12
	9
	4
	6
	11
	12
	5
	3
	16
	7
	20
	14
	15
	12
	8
	6
	5
	13
	4
	6
	8
	18
	20
	3
	0
	5
	24
	1
	12
	20
	18
	1
	24
	16
	13
	1
	18
	24
	15
	3
	15
	7
	18
	23
	13
	4
	18
	23
	7
	15
	12
	8
	6
	9
	4
	13
	1
	7
	8
	12
	16
	3
	11
	7
	20
	6
	15
	24
	11
	3
	16
	12
	8
	6
	11
	13
	16
	14
	20
	18
	15
	6
	18
	15
	18
	2
	13
	8
	0
	19
Violation-free sequence:
	21
	18
	15
	0
	1
	9
	11
	13
	2
	13
	11
	9
	2
	13
	15
	9
	2
	9
	20
	13
	2
	18
	11
	0
	2
	0
	11
	24
	1
	13
	0
	11
	6
	8
	13
	15
	6
	11
	18
	13
	1
	0
	11
	24
	6
	0
	15
	7
	21
	0
	20
	0
	21
	18
	0
	15
	6
	18
	8
	0
	2
	12
	11
	18
	2
	0
	0
	11
	6
	11
	0
	15
	18
	23
	9
	16
	0
	2
	24
	10
	0
	23
	12
	10
	9
	20
	3
	16
	18
	24
	1
	12
	15
	18
	22
	24
	16
	12
	8
	3
	10
	12
	20
	7
	2
	7
	15
	12
	19
	13
	8
	13
	2
	9
	4
	7
	2
	13
	11
	12
	21
	0
	15
	24
	2
	24
	15
	13
	21
	13
	11
	13
	23
	9
	15
	9
	22
	12
	11
	12
	17
	13
	15
	9
	22
	9
	0
	20
	14
	4
	24
	16
	6
	24
	16
	24
	1
	0
	11
	0
	21
	12
	16
	9
	2
	9
	4
	13
	1
	7
	11
	0
	2
	0
	11
	18
	2
	0
	16
	9
	14
	16
	13
	4
	14
	11
	13
	20
	6
	10
	24
	4
	3
	12
	10
	24
	16
	6
	15
	18
	10
	3
	0
	16
	24
	2
	7
	16
	13
	19
	12
	9
	4
	6
	11
	12
	5
	3
	16
	7
	20
	14
	15
	12
	8
	6
	5
	13
	4
	6
	8
	18
	20
	3
	0
	5
	24
	1
	12
	20
	18
	1
	24
	16
	13
	1
	18
	24
	15
	3
	15
	7
	18
	23
	13
	4
	18
	23
	7
	15
	12
	8
	6
	9
	4
	13
	1
	7
	8
	12
	16
	3
	11
	7
	20
	6
	15
	24
	11
	3
	16
	12
	8
	6
	11
	13
	16
	14
	20
	18
	15
	6
	18
	15
	18
	2
	13
	8
	0
	19
