Version identifier: 22.1.0.0 | 2022-03-09 | 1a383f8ce
CPXPARAM_Threads                                 1
CPXPARAM_MIP_Strategy_VariableSelect             3
CPXPARAM_TimeLimit                               600
Tried aggregator 1 time.
Reduced MIP has 1825 rows, 10500 columns, and 81913 nonzeros.
Reduced MIP has 9000 binaries, 1500 generals, 0 SOSs, and 0 indicators.
Presolve time = 0.05 sec. (32.25 ticks)
Tried aggregator 1 time.
Detecting symmetries...
Reduced MIP has 1825 rows, 10500 columns, and 81913 nonzeros.
Reduced MIP has 9000 binaries, 1500 generals, 0 SOSs, and 0 indicators.
Presolve time = 0.06 sec. (47.59 ticks)
Probing time = 0.01 sec. (8.64 ticks)
Clique table members: 301.
MIP emphasis: balance optimality and feasibility.
MIP search method: dynamic search.
Parallel mode: none, using 1 thread.
Root relaxation solution time = 1.46 sec. (1506.42 ticks)

        Nodes                                         Cuts/
   Node  Left     Objective  IInf  Best Integer    Best Bound    ItCnt     Gap

      0     0        0.0000  1745                      0.0000     4823         
      0     0        0.0000   945                 ZeroHalf: 5     5234         
      0     0        0.0000  1044                    Cuts: 73     8325         
      0     0        0.0000   743                 ZeroHalf: 6     8790         
      0     0        0.0000   820                ZeroHalf: 73    11923         
Detecting symmetries...
      0     2        0.0000   585                      0.0000    11923         
Elapsed time = 55.16 sec. (61087.88 ticks, tree = 0.01 MB, solutions = 0)
      1     3        0.0000  1210                      0.0000    22349         
      2     4        0.0000   849                      0.0000    26492         
      3     5        0.0000  1144                      0.0000    31478         
      4     6        0.0000   978                      0.0000    31921         
      5     7        0.0000   972                      0.0000    34548         
      6     8        0.0000   977                      0.0000    37498         
      7     9        0.0000   982                      0.0000    38680         
      8     8        cutoff                            0.0000    40182         
      9     9        0.0000   904                      0.0000    44316         
     10    10        0.0000   909                      0.0000    48041         
Elapsed time = 71.62 sec. (78150.48 ticks, tree = 0.07 MB, solutions = 0)
     12    10        0.0000   817                      0.0000    56842         
     13    11        0.0000  1033                      0.0000    62910         
     15    13        0.0000   858                      0.0000    66262         
     17    15        0.0000  1140                      0.0000    70504         
     18    16        0.0000   886                      0.0000    79660         
     21    15        0.0000   947                      0.0000    87943         
     22    16        0.0000   928                      0.0000    93486         
     23    17        0.0000   843                      0.0000   101243         
     24    18        0.0000  1108                      0.0000   106869         
     26    20        0.0000   894                      0.0000   110103         
Elapsed time = 99.71 sec. (107277.97 ticks, tree = 0.19 MB, solutions = 0)
     27    21        0.0000   845                      0.0000   118986         
     28    22       -0.0000  1252                      0.0000   126392         
     30    24        0.0000   875                      0.0000   131732         
     32    26        0.0000   855                      0.0000   132358         
     34    26       -0.0000   768                      0.0000   136948         
     36    28       -0.0000  1218                      0.0000   140023         
     37    29        0.0000   727                      0.0000   141421         
     39    31       -0.0000   787                      0.0000   144678         
     40    32       -0.0000   961                      0.0000   149296         
     41    33       -0.0000   861                      0.0000   151226         
Elapsed time = 131.03 sec. (138911.80 ticks, tree = 0.39 MB, solutions = 0)
     43    35       -0.0000  1001                      0.0000   155008         
     45    37        0.0000  1083                      0.0000   159376         
     47    39        0.0000   866                      0.0000   160044         
     48    40       -0.0000  1091                      0.0000   164770         
     49    41       -0.0000   871                      0.0000   168403         
     50    42        0.0000   899                      0.0000   177530         
     51    43       -0.0000   954                      0.0000   180612         
     52    44        0.0000   930                      0.0000   184449         
     54    46        0.0000   965                      0.0000   189497         
     55    47        0.0000   711                      0.0000   194154         
Elapsed time = 152.50 sec. (160837.18 ticks, tree = 0.59 MB, solutions = 0)
     57    49       -0.0000  1084                      0.0000   197758         
     58    50       -0.0000  1049                      0.0000   201917         
     59    51       -0.0000  1197                      0.0000   206820         
     60    52        0.0000  1171                      0.0000   211669         
     61    53       -0.0000  1123                      0.0000   215460         
     63    55       -0.0000  1207                      0.0000   218863         
     65    57       -0.0000  1083                      0.0000   221507         
     66    58       -0.0000  1114                      0.0000   224359         
     67    59        0.0000  1099                      0.0000   227143         
     68    60        0.0000  1173                      0.0000   231620         
Elapsed time = 171.07 sec. (179325.85 ticks, tree = 0.72 MB, solutions = 0)
     69    61        0.0000   957                      0.0000   234636         
     70    62        0.0000   967                      0.0000   237207         
     71    63       -0.0000   999                      0.0000   240285         
     73    65       -0.0000  1021                      0.0000   242350         
     74    66        0.0000  1077                      0.0000   245110         
     76    68       -0.0000   914                      0.0000   248879         
     78    70        0.0000  1042                      0.0000   252433         
     79    71       -0.0000   960                      0.0000   255524         
     80    72       -0.0000  1001                      0.0000   255681         
     81    73       -0.0000   937                      0.0000   257965         
Elapsed time = 188.95 sec. (196802.40 ticks, tree = 0.95 MB, solutions = 0)
     82    74       -0.0000  1016                      0.0000   261007         
     84    76       -0.0000   946                      0.0000   261313         
     85    77        0.0000   843                      0.0000   263197         
     87    79       -0.0000   862                      0.0000   266585         
     88    80        0.0000   878                      0.0000   269127         
     90    82        0.0000   877                      0.0000   270335         
     91    83        0.0000   841                      0.0000   272736         
     92    84       -0.0000   845                      0.0000   274632         
     93    85        0.0000   863                      0.0000   277128         
     94    86       -0.0000   903                      0.0000   279071         
Elapsed time = 201.25 sec. (208986.59 ticks, tree = 1.17 MB, solutions = 0)
     96    88        0.0000   923                      0.0000   281345         
     97    89        0.0000   851                      0.0000   284194         
     98    90        0.0000   940                      0.0000   287232         
     99    91        0.0000   998                      0.0000   290209         
    100    92       -0.0000   895                      0.0000   294122         
    101    93       -0.0000   930                      0.0000   298309         
    102    94        0.0000   939                      0.0000   301464         
    104    96       -0.0000   803                      0.0000   305071         
    106    98        0.0000   884                      0.0000   307330         
    108   100       -0.0000   785                      0.0000   311477         
Elapsed time = 219.41 sec. (226810.33 ticks, tree = 1.42 MB, solutions = 0)
    109   101       -0.0000   934                      0.0000   313916         
    110   102        0.0000   859                      0.0000   316903         
    111   103       -0.0000   882                      0.0000   318455         
    112   104       -0.0000   971                      0.0000   321632         
    113   105       -0.0000   873                      0.0000   323713         
    115   107       -0.0000   957                      0.0000   326697         
    117   109        0.0000   857                      0.0000   327831         
    119   111       -0.0000   811                      0.0000   330049         
    120   112       -0.0000   710                      0.0000   332797         
    122   114        0.0000   757                      0.0000   334052         
Elapsed time = 234.05 sec. (241210.56 ticks, tree = 1.69 MB, solutions = 0)
    124   116        0.0000   858                      0.0000   337040         
    126   118        0.0000   903                      0.0000   339714         
    128   120        0.0000   915                      0.0000   343848         
    129   121        0.0000   809                      0.0000   348281         
    131   123       -0.0000   849                      0.0000   350227         
    132   124       -0.0000   887                      0.0000   352403         
    133   125        0.0000   802                      0.0000   354978         
    134   126       -0.0000   824                      0.0000   357657         
    135   127       -0.0000   916                      0.0000   360985         
    140   132       -0.0000  1017                      0.0000   369227         
Elapsed time = 252.29 sec. (259113.08 ticks, tree = 2.01 MB, solutions = 0)
    145   137       -0.0000   946                      0.0000   375577         
    150   142       -0.0000   879                      0.0000   380923         
    155   147       -0.0000   765                      0.0000   386857         
    160   152       -0.0000   796                      0.0000   392104         
    165   157        0.0000   700                      0.0000   399164         
    170   161        0.0000   637                      0.0000   406209         
    176   167       -0.0000   805                      0.0000   415475         
    181   172        0.0000   779                      0.0000   424468         
    186   177       -0.0000   635                      0.0000   430555         
    191   182        0.0000   580                      0.0000   438181         
Elapsed time = 297.50 sec. (303239.29 ticks, tree = 2.85 MB, solutions = 0)
    198   187       -0.0000   419                      0.0000   445478         
    202   191        0.0000   468                      0.0000   454633         
    207   196        0.0000   365                      0.0000   464265         
    212   201        0.0000   468                      0.0000   475443         
    216   205        0.0000   464                      0.0000   485991         
    220   209        0.0000   505                      0.0000   496457         
    224   213       -0.0000   406                      0.0000   508125         
    227   216        0.0100   617                      0.0000   520230         
    237   226        3.0081   567                      0.0000   522388         
    244   233       10.0000   394                      0.0000   525436         
Elapsed time = 341.36 sec. (346118.59 ticks, tree = 3.78 MB, solutions = 0)
    250   239       10.0000   464                      0.0000   534773         
    255   244       10.0000   417                      0.0000   543402         
    260   249       10.0000   646                      0.0000   553387         
    266   255       10.3971   725                      0.0000   563853         
    272   261       13.0946   499                      0.0000   575288         
    277   266       15.0000   486                      0.0000   582930         
    281   270       10.1261   516                      0.0000   592865         
    290   279       88.8249   638                      0.0000   597015         
    300   289      787.4334   559                      0.0000   598646         
    310   299     2420.3842   601                      0.0000   601372         
Elapsed time = 385.53 sec. (390040.07 ticks, tree = 4.97 MB, solutions = 0)
    320   309     3138.6951   589                      0.0000   603871         
    330   319     3902.0761   652                      0.0000   606505         
    339   328     8220.3626   701                      0.0000   609802         
    348   337     9004.5574   773                      0.0000   612987         
    356   345    21385.3027   553                      0.0000   618253         
    366   355    91628.4429   453                      0.0000   621904         
    376   365   112675.8636   539                      0.0000   627962         
    386   375   984752.1920   501                      0.0000   633357         
    397   386   148325.3980   513                      0.0000   636561         
    400   389  1716120.4769   541                      0.0000   637541         
Elapsed time = 427.89 sec. (433189.96 ticks, tree = 5.34 MB, solutions = 0)
    409   398   148430.0000   399                      0.0000   641456         
    414   403   3.36583e+07   498                      0.0000   654907         
    419   407   148430.0000   434                      0.0000   668102         
    424   412   807793.6151   533                      0.0000   681059         
    428   416   2.16450e+07   529                      0.0000   696166         
    433   421  2639296.8499   516                      0.0000   708412         
    441   429   6.10258e+07   644                      0.0000   714054         
    447   435   1.72635e+08   542                      0.0000   725678         
    451   439   2.27271e+08   672                      0.0000   737670         
    455   443   1.16651e+08   629                      0.0000   748670         
Elapsed time = 472.19 sec. (476101.31 ticks, tree = 5.56 MB, solutions = 0)
    458   446   4.66665e+07   570                      0.0000   763283         
    461   447    infeasible                            0.0000   784269         
    463   447    infeasible                            0.0000   836132         
    471   455   9.43869e+09   542                      0.0000   838221         
    474   458   1.87609e+15   488                      0.0000   859367         
    477   461   9.26664e+09   438                      0.0000   874840         
    479   463   3.97113e+09   301                      0.0000   910346         
    483   465   5.11216e+10   512                      0.0000   928763         
    490   472   6.80479e+10   416                      0.0000   932441         
    491   471    infeasible                            0.0000   966280         
Elapsed time = 538.13 sec. (536467.67 ticks, tree = 6.03 MB, solutions = 0)
    492   470    infeasible                            0.0000   982237         
    499   475    infeasible                            0.0000  1015428         
    502   476    infeasible                            0.0000  1031261         
    508   482   1.10578e+13   410                      0.0000  1035364         
    514   488   2.13706e+13   388                      0.0000  1038563         
    520   494   2.83742e+14   408                      0.0000  1041957         

Performing restart 1

Repeating presolve.
Tried aggregator 1 time.
MIP Presolve eliminated 0 rows and 1 columns.
MIP Presolve modified 107707 coefficients.
Reduced MIP has 1825 rows, 10499 columns, and 59221 nonzeros.
Reduced MIP has 9000 binaries, 1499 generals, 0 SOSs, and 0 indicators.
Presolve time = 0.09 sec. (95.87 ticks)
Tried aggregator 1 time.
Reduced MIP has 1825 rows, 10499 columns, and 59221 nonzeros.
Reduced MIP has 9000 binaries, 1499 generals, 0 SOSs, and 0 indicators.
Presolve time = 0.04 sec. (39.99 ticks)
Represolve time = 0.37 sec. (251.41 ticks)
    524     0        0.0000  1140                 ZeroHalf: 2  1054209         

Zero-half cuts applied:  16
Gomory fractional cuts applied:  1

Root node processing (before b&c):
  Real time             =   55.10 sec. (61034.05 ticks)
Sequential b&c:
  Real time             =  544.91 sec. (534766.26 ticks)
                          ------------
Total (root+branch&cut) =  600.01 sec. (595800.31 ticks)
Violation-free sequence bound:	300
Unscheduled:	0
Status:	Unknown
Time:	600.06
Sequence:
Violation-free sequence:
