Version identifier: 22.1.0.0 | 2022-03-09 | 1a383f8ce
CPXPARAM_Threads                                 1
CPXPARAM_MIP_Strategy_VariableSelect             3
CPXPARAM_TimeLimit                               600
Tried aggregator 1 time.
Reduced MIP has 1825 rows, 10500 columns, and 85778 nonzeros.
Reduced MIP has 9000 binaries, 1500 generals, 0 SOSs, and 0 indicators.
Presolve time = 0.05 sec. (33.57 ticks)
Tried aggregator 1 time.
Detecting symmetries...
Reduced MIP has 1825 rows, 10500 columns, and 85778 nonzeros.
Reduced MIP has 9000 binaries, 1500 generals, 0 SOSs, and 0 indicators.
Presolve time = 0.06 sec. (49.20 ticks)
Probing time = 0.01 sec. (8.86 ticks)
Clique table members: 302.
MIP emphasis: balance optimality and feasibility.
MIP search method: dynamic search.
Parallel mode: none, using 1 thread.
Root relaxation solution time = 1.30 sec. (1532.39 ticks)

        Nodes                                         Cuts/
   Node  Left     Objective  IInf  Best Integer    Best Bound    ItCnt     Gap

      0     0        0.0000  1666                      0.0000     5182         
Detecting symmetries...
      0     2        0.0000   234                      0.0000     5182         
Elapsed time = 14.27 sec. (17459.02 ticks, tree = 0.01 MB, solutions = 0)
      1     3        0.0000   227                      0.0000    14072         
      2     4        0.0000  1374                      0.0000    20331         
      3     5        0.0000   248                      0.0000    21298         
      4     6        0.0000   241                      0.0000    21963         
      5     7        0.0000   235                      0.0000    25030         
      6     8        0.0000   254                      0.0000    30132         
      7     9        0.0000   304                      0.0000    33139         
      8    10        0.0000  1318                      0.0000    38228         
      9    11        0.0000   251                      0.0000    38231         
     10    12        0.0000  1263                      0.0000    42441         
Elapsed time = 26.83 sec. (32287.10 ticks, tree = 0.11 MB, solutions = 0)
     12    14        0.0000   235                      0.0000    48143         
     14    16        0.0000  1273                      0.0000    52636         
     15    17        0.0000   211                      0.0000    56621         
     17    19        0.0000   173                      0.0000    59020         
     18    20        0.0000   136                      0.0000    68509         
     19    21        0.0000  1232                      0.0000    74589         
     21    21        0.0000  1273                      0.0000    89586         
     25    19        0.0000   202                      0.0000   109681         
     26    20        0.0000  1132                      0.0000   119599         
     28    22        0.0000   214                      0.0000   124522         
Elapsed time = 50.97 sec. (60996.97 ticks, tree = 0.23 MB, solutions = 0)
     30    22       -0.0000  1158                      0.0000   137026         
     31    23        0.0000   156                      0.0000   139078         
     32    24        0.0000  1095                      0.0000   146250         
     34    26        0.0000   168                      0.0000   148357         
     36    28        0.0000   175                      0.0000   150951         
     38    30        0.0000   182                      0.0000   154250         
     40    32        0.0000   181                      0.0000   158632         
     43    35        0.0000   170                      0.0000   159988         
     45    37        0.0000   180                      0.0000   161432         
     47    39        0.0000   160                      0.0000   162907         
Elapsed time = 67.69 sec. (80425.19 ticks, tree = 0.46 MB, solutions = 0)
     49    41        0.0000   151                      0.0000   164292         
     50    42        0.0000  1136                      0.0000   168455         
     52    44        0.0000   195                      0.0000   171287         
     54    46        0.0000  1035                      0.0000   176254         
     55    47        0.0000   144                      0.0000   179915         
     57    49        0.0000  1246                      0.0000   185758         
     59    51        0.0000  1074                      0.0000   191456         
     60    52        0.0000   163                      0.0000   193312         
     62    54        0.0000   217                      0.0000   194753         
     63    55        0.0000   189                      0.0000   196996         
Elapsed time = 99.70 sec. (116339.24 ticks, tree = 0.72 MB, solutions = 0)
     65    57        0.0000   126                      0.0000   204526         
     67    59        0.0000  1181                      0.0000   213186         
     68    60        0.0000  1151                      0.0000   218983         
     70    62        0.0000  1286                      0.0000   221659         
     71    63        0.0000   737                      0.0000   225431         
     73    65       -0.0000   642                      0.0000   227876         
     74    66        0.0000   679                      0.0000   229963         
     75    67       -0.0000   703                      0.0000   232188         
     77    69        0.0000   598                      0.0000   234055         
     78    70       -0.0000   600                      0.0000   236108         
Elapsed time = 116.09 sec. (135477.32 ticks, tree = 0.93 MB, solutions = 0)
     79    71       -0.0000   553                      0.0000   239894         
     80    72       -0.0000   497                      0.0000   241094         
     82    74       -0.0000   511                      0.0000   241931         
     84    76       -0.0000   454                      0.0000   245238         
     86    78       -0.0000   437                      0.0000   247189         
     88    80       -0.0000   415                      0.0000   251144         
     89    81        0.1410   822                      0.0000   259347         
     90    82       -0.0000   371                      0.0000   266163         
     91    83       -0.0000   333                      0.0000   269105         
     93    85        0.5238   958                      0.0000   279443         
Elapsed time = 132.42 sec. (154282.48 ticks, tree = 1.20 MB, solutions = 0)
     94    86        0.0000   322                      0.0000   282701         
     95    87       -0.0000   337                      0.0000   286487         
     96    86    infeasible                            0.0000   291454         
     98    88        0.2683   916                      0.0000   299464         
    100    90        0.2619   893                      0.0000   308686         
    101    89    infeasible                            0.0000   316461         
    103    89    infeasible                            0.0000   324253         
    105    91       10.0286   998                      0.0000   325772         
    107    91    infeasible                            0.0000   328704         
    108    92       11.0000   430                      0.0000   331548         
Elapsed time = 154.84 sec. (178365.92 ticks, tree = 1.29 MB, solutions = 0)
    110    94       11.0000   429                      0.0000   333493         
    112    96       11.0000   387                      0.0000   337056         
    114    98       11.0000   302                      0.0000   340475         
    116    98    infeasible                            0.0000   346394         
    117    99       11.0000   485                      0.0000   350752         
    118   100       11.0000   288                      0.0000   353186         
    119   101       11.0000   365                      0.0000   355140         
    121   103       11.0000   285                      0.0000   356677         
    123   105       11.0000   229                      0.0000   359325         
    125   107       11.0000   222                      0.0000   362873         
Elapsed time = 167.30 sec. (192380.18 ticks, tree = 1.35 MB, solutions = 0)
    128   110       11.0000   413                      0.0000   366619         
    130   112       11.0000   489                      0.0000   369603         
    133   115       11.0000   208                      0.0000   371357         
    135   117       11.0000   205                      0.0000   372970         
    136   118       11.0000   497                      0.0000   377222         
    137   119       11.0000   240                      0.0000   379409         
    138   120       11.0000   519                      0.0000   382503         
    139   121       11.0000   246                      0.0000   384389         
    141   123       11.0000   238                      0.0000   388692         
    143   125       11.0000   493                      0.0000   391986         
Elapsed time = 179.94 sec. (207077.58 ticks, tree = 1.66 MB, solutions = 0)
    145   127       11.0000   431                      0.0000   394906         
    147   129       11.0000   580                      0.0000   407359         
    149   131       11.0000   773                      0.0000   448850         
    150   132       11.0000    93                      0.0000   453909         
    152   134       11.0000   491                      0.0000   460783         
    154   136       11.0000    84                      0.0000   466997         
    155   137       11.0000    77                      0.0000   469372         
    156   138       11.0000    48                      0.0000   471569         
    157   139       11.0000    82                      0.0000   475712         
    162   144       11.0000    85                      0.0000   483555         
Elapsed time = 207.54 sec. (239106.40 ticks, tree = 1.83 MB, solutions = 0)
*   166    68      integral     0       11.0000        0.0000   493128  100.00%
    167    68       -0.0000   507       11.0000        0.0000   497261  100.00%
    171    72        0.0000   634       11.0000        0.0000   508490  100.00%
    174    73        0.2750  1106       11.0000        0.0000   519764  100.00%
    181    73        cutoff             11.0000        0.0000   532749  100.00%
    184    74        0.0000   532       11.0000        0.0000   544696  100.00%
    187    77        0.0000   454       11.0000        0.0000   555838  100.00%
    193    83        0.0000   386       11.0000        0.0000   564025  100.00%
    200    90        0.0000   473       11.0000        0.0000   571278  100.00%
    208    98        0.0000   559       11.0000        0.0000   577436  100.00%
    219   108       -0.0000   379       11.0000        0.0000   582248  100.00%
Elapsed time = 246.37 sec. (283445.57 ticks, tree = 1.07 MB, solutions = 1)
    235   109       -0.0000   544       11.0000        0.0000   591866  100.00%
    243   117        0.0000   561       11.0000        0.0000   598596  100.00%
    252   126        0.0000   615       11.0000        0.0000   602959  100.00%
    260   134        0.0000   535       11.0000        0.0000   608371  100.00%
    271   145       -0.0000   593       11.0000        0.0000   613415  100.00%
    278   151        0.0948   997       11.0000        0.0000   627841  100.00%
    297   153        0.0000   423       11.0000        0.0000   633121  100.00%
    304   159        0.0000   383       11.0000        0.0000   641451  100.00%
    309   163       -0.0000   430       11.0000        0.0000   654646  100.00%
    317   170        0.8800   827       11.0000        0.0000   664962  100.00%
Elapsed time = 285.88 sec. (326681.51 ticks, tree = 1.82 MB, solutions = 1)
    321   174        0.0000   345       11.0000        0.0000   672997  100.00%
    326   176        0.1075   814       11.0000        0.0000   686873  100.00%
    336   181       -0.0000   506       11.0000        0.0000   695306  100.00%
    344   189        0.0000   430       11.0000        0.0000   702403  100.00%
    353   198       -0.0000   422       11.0000        0.0000   710001  100.00%
    361   206        0.0000   423       11.0000        0.0000   716629  100.00%
    369   214        0.0000   405       11.0000        0.0000   723923  100.00%
    378   223       -0.0000   371       11.0000        0.0000   730023  100.00%
    388   232       10.1000   645       11.0000        0.0000   737507  100.00%
    401   232        0.0000   520       11.0000        0.0000   746761  100.00%
Elapsed time = 322.48 sec. (366602.08 ticks, tree = 2.98 MB, solutions = 1)
    413   233        0.4400   908       11.0000        0.0000   759688  100.00%
    426   234       10.0556   970       11.0000        0.0000   770016  100.00%
    431   239        0.0000   474       11.0000        0.0000   779901  100.00%
    436   242       -0.0000   510       11.0000        0.0000   793432  100.00%
    442   247       -0.0000   441       11.0000        0.0000   803028  100.00%
    449   252       -0.0000   343       11.0000        0.0000   814192  100.00%
    458   258       -0.0000   372       11.0000        0.0000   826430  100.00%
    469   266       -0.0000   415       11.0000        0.0000   836927  100.00%
    479   272        0.8462   700       11.0000        0.0000   849416  100.00%
    489   280        0.0000   332       11.0000        0.0000   856951  100.00%
Elapsed time = 360.33 sec. (407597.40 ticks, tree = 3.84 MB, solutions = 1)
    500   285        1.1000   722       11.0000        0.0000   867692  100.00%
    518   287        0.3929   677       11.0000        0.0000   878507  100.00%
    525   290       -0.0000   398       11.0000        0.0000   887713  100.00%
    529   294        0.0000   453       11.0000        0.0000   901641  100.00%
    535   300       -0.0000   510       11.0000        0.0000   910169  100.00%
    543   307       10.0682   846       11.0000        0.0000   920800  100.00%
    547   310       10.0625   946       11.0000        0.0000   934499  100.00%
    552   313       10.0104   940       11.0000        0.0000   946979  100.00%
    558   318       -0.0000   400       11.0000        0.0000   958005  100.00%
    564   322       -0.0000   471       11.0000        0.0000   968562  100.00%
Elapsed time = 400.33 sec. (452053.50 ticks, tree = 4.57 MB, solutions = 1)
    572   330        0.0000   424       11.0000        0.0000   977132  100.00%
    579   334        1.0313   715       11.0000        0.0000   988968  100.00%
    588   340        0.2292   693       11.0000        0.0000   999522  100.00%
    597   348        0.0000   493       11.0000        0.0000  1007608  100.00%
    610   352        0.0000   475       11.0000        0.0000  1021283  100.00%
    620   362        0.0000   486       11.0000        0.0000  1026531  100.00%
    632   374       -0.0000   392       11.0000        0.0000  1031275  100.00%
    646   384       -0.0000   463       11.0000        0.0000  1036543  100.00%
    657   395        0.0000   312       11.0000        0.0000  1044678  100.00%
    672   400        0.0000   480       11.0000        0.0000  1054423  100.00%
Elapsed time = 439.28 sec. (493473.94 ticks, tree = 6.04 MB, solutions = 1)
    685   408        2.2917   495       11.0000        0.0000  1062576  100.00%
    699   410       -0.0000   475       11.0000        0.0000  1070446  100.00%
    708   418        1.3095   591       11.0000        0.0000  1077057  100.00%
    720   426        0.0000   412       11.0000        0.0000  1085467  100.00%
    740   430        0.0000   508       11.0000        0.0000  1093622  100.00%
    752   439        0.0000   390       11.0000        0.0000  1102083  100.00%
    764   448        1.2222   595       11.0000        0.0000  1112005  100.00%
    774   457        2.7500   699       11.0000        0.0000  1119102  100.00%
    791   465        0.0000   491       11.0000        0.0000  1124153  100.00%
    806   476        cutoff             11.0000        0.0000  1129705  100.00%
Elapsed time = 477.86 sec. (533536.28 ticks, tree = 7.49 MB, solutions = 1)
    823   483        0.0000   419       11.0000        0.0000  1141317  100.00%
    832   492        0.0000   391       11.0000        0.0000  1148934  100.00%
    847   496       -0.0000   417       11.0000        0.0000  1158753  100.00%
    855   502       -0.0000   425       11.0000        0.0000  1169043  100.00%
    865   511        0.0000   369       11.0000        0.0000  1178576  100.00%
    875   518        0.9167   514       11.0000        0.0000  1189942  100.00%
    887   530        0.0000   348       11.0000        0.0000  1195493  100.00%
    899   539        0.0000   492       11.0000        0.0000  1206693  100.00%
    913   551       -0.0000   364       11.0000        0.0000  1214504  100.00%
    926   563       10.3750   534       11.0000        0.0000  1224468  100.00%
Elapsed time = 517.72 sec. (576096.07 ticks, tree = 9.12 MB, solutions = 1)
    940   569       -0.0000   427       11.0000        0.0000  1234295  100.00%
    948   577        0.0000   492       11.0000        0.0000  1242224  100.00%
    960   584        0.0000   372       11.0000        0.0000  1248874  100.00%
    976   591       -0.0000   409       11.0000        0.0000  1257467  100.00%
    992   598        0.0000   373       11.0000        0.0000  1262503  100.00%
   1008   604        5.5000   672       11.0000        0.0000  1270309  100.00%
   1035   608        7.3333   549       11.0000        0.0000  1274234  100.00%
   1050   615        0.0000   433       11.0000        0.0000  1279979  100.00%
   1069   626       -0.0000   455       11.0000        0.0000  1286134  100.00%
   1084   636       -0.0000   368       11.0000        0.0000  1293415  100.00%
Elapsed time = 555.78 sec. (615888.84 ticks, tree = 10.49 MB, solutions = 1)
Starting limited solution polishing.
   1106   637        5.5000   693       11.0000        0.0000  1307062  100.00%
   1120   636        0.1964   814       11.0000        0.0000  1315299  100.00%
   1134   645        5.5000   602       11.0000        0.0000  1323685  100.00%
   1152   657        7.3333   629       11.0000        0.0000  1326238  100.00%
   1167   665        0.0000   452       11.0000        0.0000  1330554  100.00%
   1181   666        0.0000   417       11.0000        0.0000  1341278  100.00%
   1195   669        1.2692   762       11.0000        0.0000  1349140  100.00%
   1200   670       -0.0000   514       11.0000        0.0000  1352286  100.00%
   1208   678        0.0000   536       11.0000        0.0000  1358480  100.00%
   1214   684        0.0000   654       11.0000        0.0000  1365346  100.00%
Elapsed time = 595.65 sec. (658243.41 ticks, tree = 11.20 MB, solutions = 1)
   1224   694       -0.0000   454       11.0000        0.0000  1371296  100.00%

Mixed integer rounding cuts applied:  3
Zero-half cuts applied:  2

Root node processing (before b&c):
  Real time             =   14.21 sec. (17383.71 ticks)
Sequential b&c:
  Real time             =  585.79 sec. (645757.23 ticks)
                          ------------
Total (root+branch&cut) =  600.00 sec. (663140.94 ticks)
Violation-free sequence bound:	298
Unscheduled:	2
Status:	Feasible
Time:	600.02
Sequence:
	10
	19
	15
	6
	15
	24
	24
	3
	0
	15
	9
	0
	23
	7
	21
	24
	4
	21
	9
	15
	1
	15
	13
	24
	3
	24
	0
	15
	24
	3
	24
	16
	13
	20
	0
	11
	0
	3
	24
	15
	24
	3
	0
	11
	12
	11
	14
	2
	9
	16
	1
	12
	2
	24
	3
	9
	15
	13
	18
	13
	10
	13
	22
	7
	15
	9
	22
	0
	8
	12
	22
	24
	2
	7
	23
	0
	11
	0
	17
	15
	0
	24
	3
	24
	16
	0
	8
	14
	8
	0
	2
	1
	16
	19
	15
	6
	19
	15
	19
	6
	15
	19
	16
	1
	16
	0
	8
	6
	11
	0
	15
	17
	16
	24
	2
	4
	10
	12
	8
	6
	2
	9
	2
	17
	21
	12
	8
	6
	5
	13
	2
	17
	15
	7
	16
	4
	8
	12
	10
	4
	21
	9
	16
	1
	16
	12
	11
	14
	5
	13
	16
	1
	16
	7
	21
	14
	10
	13
	8
	4
	15
	24
	21
	19
	21
	6
	5
	13
	5
	6
	21
	9
	2
	17
	15
	0
	10
	4
	5
	12
	15
	17
	16
	24
	16
	4
	9
	15
	9
	23
	0
	19
	15
	19
	3
	13
	10
	0
	23
	19
	15
	19
	3
	13
	5
	13
	17
	15
	0
	10
	4
	10
	0
	15
	17
	0
	11
	0
	3
	9
	15
	9
	23
	12
	10
	13
	22
	9
	0
	8
	14
	15
	7
	15
	6
	5
	13
	11
	0
	3
	9
	2
	9
	3
	13
	7
	21
	17
	15
	13
	19
	22
	24
	21
	13
	23
	24
	9
	2
	0
	23
	7
	10
	13
	22
	13
	10
	7
	15
	12
	23
	7
	19
	21
	6
	21
	9
	19
	21
	6
	2
	24
	16
	6
	11
	0
	11
	6
	15
	19
	15
	6
	11
	0
	11
	4
	21
	24
	5
	17
Violation-free sequence:
	10
	19
	15
	6
	15
	24
	24
	3
	0
	15
	9
	0
	23
	7
	21
	24
	4
	21
	9
	15
	1
	15
	13
	24
	3
	24
	0
	15
	24
	3
	24
	16
	13
	20
	0
	11
	0
	3
	24
	15
	24
	3
	0
	11
	12
	11
	14
	2
	9
	16
	1
	12
	2
	24
	3
	9
	15
	13
	18
	13
	10
	13
	22
	7
	15
	9
	22
	0
	8
	12
	22
	24
	2
	7
	23
	0
	11
	0
	17
	15
	0
	24
	3
	24
	16
	0
	8
	14
	8
	0
	2
	1
	16
	19
	15
	6
	19
	15
	19
	6
	15
	19
	16
	1
	16
	0
	8
	6
	11
	0
	15
	17
	16
	24
	2
	4
	10
	12
	8
	6
	2
	9
	2
	17
	21
	12
	8
	6
	5
	13
	2
	17
	15
	7
	16
	4
	8
	12
	10
	4
	21
	9
	16
	1
	16
	12
	11
	14
	5
	13
	16
	1
	16
	7
	21
	14
	10
	13
	8
	4
	15
	24
	21
	19
	21
	6
	5
	13
	5
	6
	21
	9
	2
	17
	15
	0
	10
	4
	5
	12
	15
	17
	16
	24
	16
	4
	9
	15
	9
	23
	0
	19
	15
	19
	3
	13
	10
	0
	23
	19
	15
	19
	3
	13
	5
	13
	17
	15
	0
	10
	4
	10
	0
	15
	17
	0
	11
	0
	3
	9
	15
	9
	23
	12
	10
	13
	22
	9
	0
	8
	14
	15
	7
	15
	6
	5
	13
	11
	0
	3
	9
	2
	9
	3
	13
	7
	21
	17
	15
	13
	19
	22
	24
	21
	13
	23
	24
	9
	2
	0
	23
	7
	10
	13
	22
	13
	10
	7
	15
	12
	23
	7
	19
	21
	6
	21
	9
	19
	21
	6
	2
	24
	16
	6
	11
	0
	11
	6
	15
	19
	15
	6
	11
	0
	11
	4
	21
	24
