Version identifier: 22.1.0.0 | 2022-03-09 | 1a383f8ce
CPXPARAM_Threads                                 1
CPXPARAM_MIP_Strategy_VariableSelect             3
CPXPARAM_TimeLimit                               600
Tried aggregator 1 time.
Reduced MIP has 3025 rows, 17500 columns, and 152620 nonzeros.
Reduced MIP has 13500 binaries, 4000 generals, 0 SOSs, and 0 indicators.
Presolve time = 0.07 sec. (58.68 ticks)
Found incumbent of value 71.567311 after 0.21 sec. (150.78 ticks)
Tried aggregator 1 time.
Detecting symmetries...
Reduced MIP has 3025 rows, 17500 columns, and 152620 nonzeros.
Reduced MIP has 13500 binaries, 4000 generals, 0 SOSs, and 0 indicators.
Presolve time = 0.09 sec. (72.77 ticks)
Probing time = 0.01 sec. (6.23 ticks)
Clique table members: 502.
MIP emphasis: balance optimality and feasibility.
MIP search method: dynamic search.
Parallel mode: none, using 1 thread.
Root relaxation solution time = 4.22 sec. (4378.83 ticks)

        Nodes                                         Cuts/
   Node  Left     Objective  IInf  Best Integer    Best Bound    ItCnt     Gap

*     0+    0                           71.5673        0.0000           100.00%
      0     0        0.0000  2326       71.5673        0.0000     8840  100.00%
      0     0        0.0000   602       71.5673   ZeroHalf: 1     9438  100.00%
      0     0        0.0000  1166       71.5673      Cuts: 70    15381  100.00%
*     0+    0                            0.0074        0.0000           100.00%
*     0+    0                            0.0041        0.0000           100.00%
Detecting symmetries...
      0     2        0.0000    18        0.0041        0.0000    15381  100.00%
Elapsed time = 135.09 sec. (159997.20 ticks, tree = 0.01 MB, solutions = 3)
      1     3        0.0000  1217        0.0041        0.0000    37735  100.00%
*     2     2      integral     0        0.0000        0.0000    42678    0.00%
      2     0        0.0000     0        0.0000        0.0000    42678    0.00%

Zero-half cuts applied:  10
Gomory fractional cuts applied:  1

Root node processing (before b&c):
  Real time             =  134.98 sec. (159895.31 ticks)
Sequential b&c:
  Real time             =   17.67 sec. (19913.00 ticks)
                          ------------
Total (root+branch&cut) =  152.65 sec. (179808.31 ticks)
Violation-free sequence bound:	500
Unscheduled:	0
Status:	Optimal
Time:	152.65
Sequence:
	23
	16
	13
	1
	20
	12
	9
	1
	23
	12
	10
	17
	20
	12
	11
	17
	20
	7
	10
	17
	2
	15
	10
	17
	2
	15
	10
	17
	20
	12
	18
	21
	22
	21
	22
	21
	22
	0
	14
	1
	22
	21
	18
	8
	22
	21
	18
	16
	22
	24
	19
	6
	14
	0
	5
	8
	7
	13
	24
	23
	7
	18
	24
	22
	16
	18
	21
	22
	3
	18
	17
	20
	3
	18
	17
	20
	16
	19
	17
	20
	16
	19
	17
	20
	3
	18
	17
	20
	16
	19
	17
	20
	16
	1
	13
	6
	20
	17
	13
	6
	20
	17
	5
	8
	20
	1
	5
	8
	16
	19
	17
	10
	16
	22
	17
	10
	16
	1
	14
	0
	3
	18
	12
	11
	16
	19
	12
	0
	2
	1
	13
	8
	9
	7
	18
	3
	13
	6
	18
	12
	9
	8
	18
	12
	5
	6
	10
	7
	13
	16
	11
	15
	5
	3
	11
	7
	13
	16
	10
	7
	18
	8
	9
	12
	18
	8
	9
	12
	18
	8
	9
	12
	18
	8
	9
	4
	19
	8
	9
	4
	18
	8
	13
	16
	18
	6
	13
	3
	18
	6
	5
	3
	19
	6
	5
	4
	10
	8
	5
	4
	11
	8
	13
	4
	11
	6
	13
	12
	11
	6
	13
	15
	9
	6
	5
	15
	10
	16
	5
	7
	10
	3
	18
	4
	11
	3
	19
	4
	11
	16
	19
	12
	0
	2
	1
	22
	24
	23
	17
	22
	24
	23
	1
	14
	24
	23
	1
	14
	0
	22
	21
	14
	0
	22
	24
	14
	0
	7
	9
	12
	10
	7
	9
	12
	10
	7
	9
	4
	10
	15
	9
	7
	9
	15
	13
	6
	9
	15
	5
	8
	9
	7
	13
	8
	9
	7
	5
	8
	10
	4
	5
	6
	10
	12
	18
	8
	9
	7
	13
	6
	13
	7
	11
	12
	9
	15
	11
	17
	24
	22
	6
	5
	24
	22
	7
	9
	21
	22
	15
	9
	21
	22
	15
	9
	0
	14
	7
	10
	21
	14
	7
	11
	24
	14
	7
	11
	21
	14
	15
	11
	21
	14
	7
	10
	21
	14
	7
	11
	24
	14
	7
	11
	24
	14
	7
	11
	1
	14
	24
	23
	1
	14
	24
	23
	1
	14
	24
	23
	1
	14
	24
	23
	1
	14
	0
	20
	17
	14
	0
	6
	19
	12
	21
	23
	1
	14
	24
	23
	1
	14
	0
	20
	17
	14
	0
	20
	17
	22
	24
	23
	17
	22
	24
	23
	17
	22
	24
	23
	17
	22
	21
	20
	1
	14
	21
	6
	19
	12
	21
	23
	1
	14
	24
	23
	1
	14
	21
	15
	11
	4
	10
	4
	10
	4
	11
	12
	11
	12
	10
	4
	10
	4
	0
	12
	10
	7
	5
	16
	10
	15
	5
	6
	9
	15
	13
	6
	9
	7
	13
	8
	5
	7
	9
	8
	19
	12
	11
	16
	19
	4
	10
	16
	19
	1
	2
	3
	19
	1
	2
	3
	19
	1
	2
	3
	19
	1
	2
	3
	19
	1
	2
	3
	19
	1
	2
	3
	19
	1
	2
	16
Violation-free sequence:
	23
	16
	13
	1
	20
	12
	9
	1
	23
	12
	10
	17
	20
	12
	11
	17
	20
	7
	10
	17
	2
	15
	10
	17
	2
	15
	10
	17
	20
	12
	18
	21
	22
	21
	22
	21
	22
	0
	14
	1
	22
	21
	18
	8
	22
	21
	18
	16
	22
	24
	19
	6
	14
	0
	5
	8
	7
	13
	24
	23
	7
	18
	24
	22
	16
	18
	21
	22
	3
	18
	17
	20
	3
	18
	17
	20
	16
	19
	17
	20
	16
	19
	17
	20
	3
	18
	17
	20
	16
	19
	17
	20
	16
	1
	13
	6
	20
	17
	13
	6
	20
	17
	5
	8
	20
	1
	5
	8
	16
	19
	17
	10
	16
	22
	17
	10
	16
	1
	14
	0
	3
	18
	12
	11
	16
	19
	12
	0
	2
	1
	13
	8
	9
	7
	18
	3
	13
	6
	18
	12
	9
	8
	18
	12
	5
	6
	10
	7
	13
	16
	11
	15
	5
	3
	11
	7
	13
	16
	10
	7
	18
	8
	9
	12
	18
	8
	9
	12
	18
	8
	9
	12
	18
	8
	9
	4
	19
	8
	9
	4
	18
	8
	13
	16
	18
	6
	13
	3
	18
	6
	5
	3
	19
	6
	5
	4
	10
	8
	5
	4
	11
	8
	13
	4
	11
	6
	13
	12
	11
	6
	13
	15
	9
	6
	5
	15
	10
	16
	5
	7
	10
	3
	18
	4
	11
	3
	19
	4
	11
	16
	19
	12
	0
	2
	1
	22
	24
	23
	17
	22
	24
	23
	1
	14
	24
	23
	1
	14
	0
	22
	21
	14
	0
	22
	24
	14
	0
	7
	9
	12
	10
	7
	9
	12
	10
	7
	9
	4
	10
	15
	9
	7
	9
	15
	13
	6
	9
	15
	5
	8
	9
	7
	13
	8
	9
	7
	5
	8
	10
	4
	5
	6
	10
	12
	18
	8
	9
	7
	13
	6
	13
	7
	11
	12
	9
	15
	11
	17
	24
	22
	6
	5
	24
	22
	7
	9
	21
	22
	15
	9
	21
	22
	15
	9
	0
	14
	7
	10
	21
	14
	7
	11
	24
	14
	7
	11
	21
	14
	15
	11
	21
	14
	7
	10
	21
	14
	7
	11
	24
	14
	7
	11
	24
	14
	7
	11
	1
	14
	24
	23
	1
	14
	24
	23
	1
	14
	24
	23
	1
	14
	24
	23
	1
	14
	0
	20
	17
	14
	0
	6
	19
	12
	21
	23
	1
	14
	24
	23
	1
	14
	0
	20
	17
	14
	0
	20
	17
	22
	24
	23
	17
	22
	24
	23
	17
	22
	24
	23
	17
	22
	21
	20
	1
	14
	21
	6
	19
	12
	21
	23
	1
	14
	24
	23
	1
	14
	21
	15
	11
	4
	10
	4
	10
	4
	11
	12
	11
	12
	10
	4
	10
	4
	0
	12
	10
	7
	5
	16
	10
	15
	5
	6
	9
	15
	13
	6
	9
	7
	13
	8
	5
	7
	9
	8
	19
	12
	11
	16
	19
	4
	10
	16
	19
	1
	2
	3
	19
	1
	2
	3
	19
	1
	2
	3
	19
	1
	2
	3
	19
	1
	2
	3
	19
	1
	2
	3
	19
	1
	2
	16
