Version identifier: 22.1.0.0 | 2022-03-09 | 1a383f8ce
CPXPARAM_Threads                                 1
CPXPARAM_MIP_Strategy_VariableSelect             3
CPXPARAM_TimeLimit                               600
Tried aggregator 1 time.
Reduced MIP has 1219 rows, 5800 columns, and 46521 nonzeros.
Reduced MIP has 4800 binaries, 1000 generals, 0 SOSs, and 0 indicators.
Presolve time = 0.03 sec. (18.45 ticks)
Probing time = 0.01 sec. (6.11 ticks)
Tried aggregator 1 time.
Detecting symmetries...
Reduced MIP has 1219 rows, 5800 columns, and 46521 nonzeros.
Reduced MIP has 4800 binaries, 1000 generals, 0 SOSs, and 0 indicators.
Presolve time = 0.03 sec. (25.55 ticks)
Probing time = 0.01 sec. (6.11 ticks)
Clique table members: 205.
MIP emphasis: balance optimality and feasibility.
MIP search method: dynamic search.
Parallel mode: none, using 1 thread.
Root relaxation solution time = 0.57 sec. (527.01 ticks)

        Nodes                                         Cuts/
   Node  Left     Objective  IInf  Best Integer    Best Bound    ItCnt     Gap

      0     0        0.0000  1143                      0.0000     2987         
      0     0        0.0000  1083                ZeroHalf: 22     6200         
      0     0        0.0000  1009                ZeroHalf: 11     8244         
      0     0        0.0000  1049                ZeroHalf: 16    11131         
      0     0        0.0000   912                 ZeroHalf: 8    11629         
      0     0        0.0000  1033               ZeroHalf: 129    14642         
Detecting symmetries...
Detecting symmetries...
      0     2        0.0000   636                      0.0000    14642         
Elapsed time = 22.48 sec. (23503.97 ticks, tree = 0.01 MB, solutions = 0)
      2     2        0.0000   889                      0.0000    18758         
      3     3        0.0000   943                      0.0000    22264         
      4     4        0.0000   937                      0.0000    22572         
      5     5        0.0000   930                      0.0000    23651         
      6     6       -0.0000   896                      0.0000    29524         
      7     7       -0.0000   902                      0.0000    30314         
      8     8       -0.0000   827                      0.0000    34814         
      9     9        0.0000   777                      0.0000    39875         
     10    10        0.0000   776                      0.0000    39910         
     13    11        0.0000   642                      0.0000    42298         
Elapsed time = 31.16 sec. (32862.57 ticks, tree = 0.03 MB, solutions = 0)
     14    12       -0.0000   644                      0.0000    46998         
     17    13       -0.0000   585                      0.0000    49565         
     19    15        0.0000   568                      0.0000    52533         
     23    18       -0.0000   534                      0.0000    58550         
     25    20        0.0000   527                      0.0000    63771         
     27    22       -0.0000   650                      0.0000    70935         
     29    24        0.0000   671                      0.0000    75757         
     31    26       -0.0000   690                      0.0000    78698         
     33    28        0.0000   605                      0.0000    81685         
     36    30        0.0000   640                      0.0000    87033         
Elapsed time = 43.46 sec. (45678.64 ticks, tree = 0.18 MB, solutions = 0)
     38    32       -0.0000   611                      0.0000    91800         
     40    30    infeasible                            0.0000   114224         
     42    32        1.0000   606                      0.0000   117237         
     45    34        1.0000   709                      0.0000   121819         
     47    35        1.0000   719                      0.0000   130696         
     50    37        1.0000   690                      0.0000   134941         
     52    39        1.0000   711                      0.0000   139941         
     54    41        1.0000   706                      0.0000   143652         
     57    42        1.0000   776                      0.0000   146821         
     60    45        1.0000   755                      0.0000   148054         
Elapsed time = 57.89 sec. (60090.70 ticks, tree = 0.29 MB, solutions = 0)
     66    46        1.0000   745                      0.0000   148589         
     72    49        1.0000   703                      0.0000   149183         
     80    51        1.0000   679                      0.0000   149813         
     83    54        1.0000   709                      0.0000   341876         
     84    55        1.0000   711                      0.0000   354164         
     85    56   1.54070e+16   772                      0.0000   729687         
     86    57        1.0000   702                      0.0000   736156         
     87    58        1.0000   651                      0.0000   748281         
     89    58        1.0000   665                      0.0000   752503         
     90    59        1.0000   643                      0.0000   760772         
Elapsed time = 141.13 sec. (151217.95 ticks, tree = 0.44 MB, solutions = 0)
     91    60        1.0000   621                      0.0000   766716         
     94    63        1.0160   672                      0.0000   773620         
     96    65        1.0000   634                      0.0000   778456         
     98    65    infeasible                            0.0000   789845         
    100    67        1.1259   707                      0.0000   795915         
    102    69        2.0000   713                      0.0000   804577         
    105    72        2.0000   751                      0.0000   810312         
    108    73        2.0000   736                      0.0000   813612         
    109    74        4.1968   780                      0.0000   819768         
    110    75        2.0000   711                      0.0000   822690         
Elapsed time = 164.68 sec. (174045.05 ticks, tree = 0.49 MB, solutions = 0)
    112    75    infeasible                            0.0000   838434         
    114    77        2.0000   729                      0.0000   844795         
    116    79        2.0000   739                      0.0000   851911         
    118    81        2.0000   740                      0.0000   857996         
    120    83        2.0000   782                      0.0000   868811         
    122    83    infeasible                            0.0000   877939         
    123    82    infeasible                            0.0000   888788         
    124    83        0.0000  1016                      0.0000   896531         
    127    86        0.0000   806                      0.0000   899915         
    129    88        0.0000   687                      0.0000   903429         
Elapsed time = 183.45 sec. (192637.41 ticks, tree = 0.52 MB, solutions = 0)
    131    90       -0.0000   746                      0.0000   906159         
    133    92       -0.0000   691                      0.0000   912542         
    135    94       -0.0000   778                      0.0000   918869         
    137    96        1.0000   925                      0.0000   921738         
    140    97       -0.0000   712                      0.0000   925920         
    142    99        0.0000   713                      0.0000   931921         
    144   100       -0.0000   717                      0.0000   937866         
    145   101       -0.0000   753                      0.0000   942400         
    147   103        0.0000   690                      0.0000   945874         
    149   105       -0.0000   736                      0.0000   952156         
Elapsed time = 197.34 sec. (206934.74 ticks, tree = 0.55 MB, solutions = 0)
    151   107       -0.0000   707                      0.0000   957239         
    153   109        0.0000   657                      0.0000   960467         
    155   109        cutoff                            0.0000   963978         
    157   111        0.0000   707                      0.0000   969739         
    159   113       -0.0000   730                      0.0000   972758         
    161   115        0.0000   730                      0.0000   975722         
    163   117       -0.0000   667                      0.0000   981084         
    165   119        0.0000   817                      0.0000   987011         
    167   121        0.0000   816                      0.0000   989961         
    169   123       -0.0000   813                      0.0000   993525         
Elapsed time = 209.40 sec. (219344.36 ticks, tree = 0.58 MB, solutions = 0)
    171   125        0.0000   691                      0.0000   999688         
    173   127       -0.0000   728                      0.0000  1005186         
    175   129        0.0000   689                      0.0000  1011556         
    177   131       -0.0000   678                      0.0000  1015511         
    179   133       -0.0000   698                      0.0000  1022408         
    182   134        0.0000   676                      0.0000  1026012         
    184   136        0.0000   713                      0.0000  1029198         
    185   137        0.0000   738                      0.0000  1033027         
    187   139        0.0000   576                      0.0000  1036615         
    189   141       -0.0000   659                      0.0000  1043975         
Elapsed time = 222.83 sec. (233164.80 ticks, tree = 0.63 MB, solutions = 0)
    191   143       -0.0000   616                      0.0000  1051746         
    193   145        0.1113   833                      0.0000  1060168         
    196   148        0.4650   608                      0.0000  1065135         
    199   151        4.0833   633                      0.0000  1068085         
    202   154       53.5278   561                      0.0000  1072533         
    205   157      218.9444   550                      0.0000  1077103         
    207   159      414.4091   631                      0.0000  1081834         
    210   162     3148.0000   556                      0.0000  1087799         
    213   165     9505.7239   878                      0.0000  1093237         
    222   174   261167.1436   748                      0.0000  1107446         
Elapsed time = 238.46 sec. (249275.60 ticks, tree = 0.70 MB, solutions = 0)
    225   177    48702.1429   620                      0.0000  1129259         
    227   179   106511.3963   608                      0.0000  1167452         
    231   183   131611.2000   581                      0.0000  1217138         
    237   188   321172.0000   502                      0.0000  1241427         
    242   193  2056949.6000   536                      0.0000  1269519         
    246   197  3525447.0000   525                      0.0000  1297065         
    249   200   1.80677e+07   511                      0.0000  1331767         
    253   204   4.41336e+07   512                      0.0000  1361396         
    254   205   2.43412e+07   606                      0.0000  1381405         
    256   207   6.20496e+07   489                      0.0000  1400719         
Elapsed time = 298.85 sec. (307512.97 ticks, tree = 0.79 MB, solutions = 0)
    257   208   1.74017e+08   548                      0.0000  1417856         
    259   210   3.15100e+08   549                      0.0000  1440256         
    261   212   4.72622e+08   401                      0.0000  1454588         
    262   213   2.20449e+09   567                      0.0000  1476166         
    263   214   6.23862e+10   389                      0.0000  1594915         
    265   216   6.66480e+10   466                      0.0000  1616457         
    267   218   8.21229e+09   486                      0.0000  1645669         
    270   221   2.69627e+10   663                      0.0000  1671798         
    272   221    infeasible                            0.0000  1689883         
    273   222   7.69971e+11   670                      0.0000  1704334         
Elapsed time = 358.34 sec. (364335.26 ticks, tree = 0.87 MB, solutions = 0)
    278   225   1.55356e+12   302                      0.0000  1832659         
    288   230       -0.0000   693                      0.0000  1845315         
    300   239        0.0000   656                      0.0000  1854703         
    311   249       -0.0000   739                      0.0000  1862680         
    320   257       -0.0000   659                      0.0000  1872706         
    327   264        0.0000   680                      0.0000  1885003         
    333   270       -0.0000   630                      0.0000  1900953         
    339   276   9.53962e+26   935                      0.0000  1938264         
    346   281    infeasible                            0.0000  1950312         
    353   286   4.10186e+35   443                      0.0000  1964345         
Elapsed time = 410.19 sec. (416105.65 ticks, tree = 1.61 MB, solutions = 0)
    359   292        4.5221   790                      0.0000  1982224         
    366   298        8.6108   803                      0.0000  1999134         
    375   304        1.0000   636                      0.0000  2013844         
    381   309        5.1892   710                      0.0000  2024074         
    389   317       10.0104   748                      0.0000  2040823         
    392   319   3.83376e+21   463                      0.0000  2052232         
    399   326       10.1190   751                      0.0000  2068235         
    410   336        1.0000   855                      0.0000  2075623         
    420   346        1.0000   810                      0.0000  2080436         

Zero-half cuts applied:  42

Root node processing (before b&c):
  Real time             =   22.44 sec. (23466.17 ticks)
Sequential b&c:
  Real time             =  617.36 sec. (564470.96 ticks)
                          ------------
Total (root+branch&cut) =  639.81 sec. (587937.13 ticks)
Violation-free sequence bound:	200
Unscheduled:	0
Status:	Unknown
Time:	0
Sequence:
Violation-free sequence:
