Version identifier: 22.1.0.0 | 2022-03-09 | 1a383f8ce
CPXPARAM_Threads                                 1
CPXPARAM_MIP_Strategy_VariableSelect             3
CPXPARAM_TimeLimit                               600
Tried aggregator 1 time.
Reduced MIP has 1225 rows, 7000 columns, and 58248 nonzeros.
Reduced MIP has 6000 binaries, 1000 generals, 0 SOSs, and 0 indicators.
Presolve time = 0.03 sec. (23.07 ticks)
Probing time = 0.01 sec. (6.78 ticks)
Tried aggregator 1 time.
Detecting symmetries...
Reduced MIP has 1225 rows, 7000 columns, and 58248 nonzeros.
Reduced MIP has 6000 binaries, 1000 generals, 0 SOSs, and 0 indicators.
Presolve time = 0.03 sec. (31.83 ticks)
Probing time = 0.01 sec. (6.78 ticks)
Clique table members: 206.
MIP emphasis: balance optimality and feasibility.
MIP search method: dynamic search.
Parallel mode: none, using 1 thread.
Root relaxation solution time = 0.64 sec. (696.78 ticks)

        Nodes                                         Cuts/
   Node  Left     Objective  IInf  Best Integer    Best Bound    ItCnt     Gap

      0     0        0.0000  1149                      0.0000     3213         
Detecting symmetries...
      0     2        0.0000   367                      0.0000     3213         
Elapsed time = 8.92 sec. (9295.65 ticks, tree = 0.01 MB, solutions = 0)
      1     3        0.0000   814                      0.0000    10627         
      2     4        0.0000   789                      0.0000    14723         
      3     5        0.0000   532                      0.0000    14919         
      4     6        0.0000   866                      0.0000    18977         
      5     7        0.0000   638                      0.0000    31168         
      6     8        0.0000   804                      0.0000    41505         
      7     9        0.0000   631                      0.0000    46354         
      8    10        0.0000   696                      0.0000    55417         
      9    11        0.0000   631                      0.0000    55420         
     10    12        0.0000   573                      0.0000    60132         
Elapsed time = 22.16 sec. (23687.14 ticks, tree = 0.05 MB, solutions = 0)
     12    14       -0.0000   894                      0.0000    64063         
     14    16        0.0000   550                      0.0000    66408         
     15    17        0.0000   850                      0.0000    70240         
     16    18        0.0000   828                      0.0000    73020         
     17    19       -0.0000   556                      0.0000    77209         
     19    21       -0.0000   574                      0.0000    81106         
     20    22       -0.0000   531                      0.0000    83779         
     21    23       -0.0000   506                      0.0000    89714         
     23    25        0.0000   936                      0.0000    94274         
     24    26       -0.0000   473                      0.0000    97065         
Elapsed time = 35.09 sec. (37751.04 ticks, tree = 0.11 MB, solutions = 0)
     27    29        0.0000   837                      0.0000   100859         
     28    30        0.0000   442                      0.0000   103428         
     29    31       -0.0000   545                      0.0000   107360         
     30    32       -0.0000   718                      0.0000   110379         
     32    34        0.0000   816                      0.0000   114001         
     33    35        0.0000   499                      0.0000   119635         
     34    36       -0.0000   485                      0.0000   122408         
     35    37        0.0000   550                      0.0000   126565         
     36    38       -0.0000   458                      0.0000   129091         
     37    39       -0.0000   540                      0.0000   132167         
Elapsed time = 47.93 sec. (51505.97 ticks, tree = 0.18 MB, solutions = 0)
     38    40        0.0000   475                      0.0000   135576         
     40    42       -0.0000   666                      0.0000   140901         
     43    45        0.0000   723                      0.0000   143679         
     45    47        0.0000   637                      0.0000   147737         
     47    49        0.0000   594                      0.0000   155500         
     48    50       -0.0000   683                      0.0000   158396         
     49    51        0.0000   650                      0.0000   161551         
     51    53        0.0000   601                      0.0000   166477         
     52    54        0.0000   503                      0.0000   169918         
     53    55        0.0000   500                      0.0000   172472         
Elapsed time = 63.53 sec. (67888.73 ticks, tree = 0.34 MB, solutions = 0)
     55    57        0.0000   514                      0.0000   175632         
     56    58       -0.0000   449                      0.0000   178859         
     58    60        0.0000   438                      0.0000   181044         
     60    62       -0.0000   432                      0.0000   183671         
     63    63       -0.0000   401                      0.0000   186714         
     65    65        0.0000   462                      0.0000   190558         
     68    68        0.0000   428                      0.0000   192489         
     70    70       -0.0000   540                      0.0000   195482         
     72    72       -0.0000   465                      0.0000   198581         
     74    74       -0.0000   343                      0.0000   205566         
Elapsed time = 79.69 sec. (83964.54 ticks, tree = 0.53 MB, solutions = 0)
     78    78        0.0161   595                      0.0000   207437         
     80    80       -0.0000   326                      0.0000   210137         
     81    81        0.0066   535                      0.0000   213874         
     83    83        0.0000   289                      0.0000   217300         
     85    85        0.0000   253                      0.0000   223693         
     86    86       -0.0000   194                      0.0000   227777         
     88    88        0.0968   356                      0.0000   232367         
     89    89       -0.0000   234                      0.0000   237581         
     90    90        0.0000   222                      0.0000   239315         
     91    91        0.0000   217                      0.0000   244331         
Elapsed time = 92.50 sec. (96930.46 ticks, tree = 0.73 MB, solutions = 0)
     94    94        0.0161   607                      0.0000   246956         
     97    97        0.0968   484                      0.0000   248598         
    100   100        0.0323   542                      0.0000   250128         
    103   103        0.0323   577                      0.0000   251633         
    104   104        1.0238   518                      0.0000   256099         
    108   108        0.0323   580                      0.0000   256908         
    110   110        0.0323   578                      0.0000   260950         
    113   113        0.0323   534                      0.0000   264139         
    117   117        0.0699   593                      0.0000   265960         
    120   120        0.1129   602                      0.0000   267721         
Elapsed time = 103.79 sec. (108311.34 ticks, tree = 1.08 MB, solutions = 0)
    124   124        0.1613   435                      0.0000   269532         
    128   128        0.1613   533                      0.0000   270891         
    132   132        0.2632   489                      0.0000   272413         
    135   135        0.2632   521                      0.0000   274491         
    139   139        0.3000   469                      0.0000   275777         
    140   138    infeasible                            0.0000   285383         
    143   139    infeasible                            0.0000   401825         
    146   142  -2.91985e+20   464                      0.0000   417672         
    147   143  -2.91985e+20   249                      0.0000   427502         
    148   144  -2.91985e+20   212                      0.0000   434976         
Elapsed time = 146.69 sec. (149677.07 ticks, tree = 1.34 MB, solutions = 0)
    149   145  -2.91985e+20   200                      0.0000   445703         
    150   146  -2.91985e+20   759                      0.0000   452980         
    152   146  -2.91985e+20   256                      0.0000   465779         
    153   147  -2.91985e+20    94                      0.0000   477454         
    154   148  -2.91985e+20   107                      0.0000   492428         
    155   149  -2.91985e+20   123                      0.0000   500283         
    156   150  -2.91985e+20   144                      0.0000   507923         
    157   151  -2.91985e+20   355                      0.0000   517294         
    158   152  -2.91985e+20   368                      0.0000   526637         
    159   151    infeasible                            0.0000   581236         
Elapsed time = 185.10 sec. (185829.54 ticks, tree = 1.42 MB, solutions = 0)
    161   151        0.0484   457                      0.0000   589735         
    164   154        0.0645   468                      0.0000   591295         
    168   158        0.0968   512                      0.0000   592622         
    172   162        0.2308   467                      0.0000   593454         
    175   165        0.1250   517                      0.0000   595119         
    179   169        1.0000   470                      0.0000   596323         
    181   171      185.8000   424                      0.0000   597752         
    184   174        6.4167   337                      0.0000   603593         
    187   177       26.3955   395                      0.0000   608520         
    195   185       14.5746   359                      0.0000   625124         
Elapsed time = 200.65 sec. (201411.92 ticks, tree = 1.80 MB, solutions = 0)
    205   195      157.0000   383                      0.0000   637679         
    217   207      170.0000   236                      0.0000   650700         
    229   219      170.0000   251                      0.0000   663674         
    248   236   519439.5000   273                      0.0000   673168         
    255   239   5.21278e+17   532                      0.0000  1315121         
    260   240       -0.0000   382                      0.0000  1329263         
    265   245       -0.0000   162                      0.0000  1344387         
    270   250        0.0132   448                      0.0000  1359859         
    275   255        0.0645   349                      0.0000  1375612         
    282   262        1.0000   156                      0.0000  1391952         
Elapsed time = 352.19 sec. (383857.68 ticks, tree = 2.50 MB, solutions = 0)
    288   266        1.0000   250                      0.0000  1409228         
    295   273        1.0000   230                      0.0000  1424484         
    302   280        1.0000   285                      0.0000  1441925         
    310   288        1.0000   288                      0.0000  1458296         
    318   295        1.0000   227                      0.0000  1472937         
    323   300        1.0000   159                      0.0000  1479531         
    331   308        2.5000   147                      0.0000  1497879         
    340   317        3.0000   196                      0.0000  1514551         
    350   327       37.2857   249                      0.0000  1531754         
    356   333       15.0000   312                      0.0000  1556910         
Elapsed time = 393.52 sec. (425276.57 ticks, tree = 2.69 MB, solutions = 0)
    362   339      767.0000   293                      0.0000  1581193         
    363   340      159.0000   492                      0.0000  1614108         
    376   347    infeasible                            0.0000  1680138         
    378   349    22779.0000   381                      0.0000  1779712         
    379   350 -8367569.0000   303                      0.0000  1840740         
    380   350  8341851.0000   335                      0.0000  1860496         
    381   351    21039.0000   602                      0.0000  1961491         
    382   352    21039.0000   166                      0.0000  2072179         
    386   352        0.0000   529                      0.0000  2144996         
    391   357        0.0000   389                      0.0000  2161560         
Elapsed time = 482.69 sec. (508724.43 ticks, tree = 2.75 MB, solutions = 0)
    395   361       -0.0000   436                      0.0000  2176362         
    400   366       -0.0000   323                      0.0000  2189332         
    413   379        0.0260   617                      0.0000  2196473         
    422   388        0.2000   397                      0.0000  2207388         
    431   397        0.2000   441                      0.0000  2215747         
    440   406        0.2000   385                      0.0000  2222859         
    447   413        1.0000   412                      0.0000  2234584         
    454   420        1.0000   371                      0.0000  2246159         
    463   429        1.0000   336                      0.0000  2254607         
    471   437        1.0000   306                      0.0000  2266319         
Elapsed time = 529.81 sec. (556507.30 ticks, tree = 2.97 MB, solutions = 0)
    477   443      108.7143   307                      0.0000  2284212         
    480   446     2524.9091   492                      0.0000  2291146         
    483   447    infeasible                            0.0000  2317747         

Root node processing (before b&c):
  Real time             =    8.89 sec. (9260.57 ticks)
Sequential b&c:
  Real time             =  591.12 sec. (636383.69 ticks)
                          ------------
Total (root+branch&cut) =  600.00 sec. (645644.26 ticks)
Violation-free sequence bound:	200
Unscheduled:	0
Status:	Unknown
Time:	600.02
Sequence:
Violation-free sequence:
