Version identifier: 22.1.0.0 | 2022-03-09 | 1a383f8ce
CPXPARAM_Threads                                 1
CPXPARAM_MIP_Strategy_VariableSelect             3
CPXPARAM_TimeLimit                               600
Tried aggregator 1 time.
Reduced MIP has 3025 rows, 17500 columns, and 166566 nonzeros.
Reduced MIP has 14000 binaries, 3500 generals, 0 SOSs, and 0 indicators.
Presolve time = 0.08 sec. (64.42 ticks)
Found incumbent of value 29.698377 after 0.22 sec. (160.52 ticks)
Tried aggregator 1 time.
Detecting symmetries...
Reduced MIP has 3025 rows, 17500 columns, and 166566 nonzeros.
Reduced MIP has 14000 binaries, 3500 generals, 0 SOSs, and 0 indicators.
Presolve time = 0.10 sec. (79.28 ticks)
Probing time = 0.01 sec. (6.31 ticks)
Clique table members: 500.
MIP emphasis: balance optimality and feasibility.
MIP search method: dynamic search.
Parallel mode: none, using 1 thread.
Root relaxation solution time = 6.03 sec. (6379.96 ticks)

        Nodes                                         Cuts/
   Node  Left     Objective  IInf  Best Integer    Best Bound    ItCnt     Gap

*     0+    0                           29.6984        0.0000           100.00%
      0     0        0.0000  2951       29.6984        0.0000    10736  100.00%
*     0+    0                            0.0000        0.0000             0.00%
      0     0        cutoff              0.0000        0.0000    10736    0.00%
Elapsed time = 50.06 sec. (57101.68 ticks, tree = 0.01 MB, solutions = 2)

Root node processing (before b&c):
  Real time             =   50.06 sec. (57102.31 ticks)
Sequential b&c:
  Real time             =    0.00 sec. (0.00 ticks)
                          ------------
Total (root+branch&cut) =   50.06 sec. (57102.31 ticks)
Violation-free sequence bound:	500
Unscheduled:	0
Status:	Optimal
Time:	50.06
Sequence:
	21
	2
	19
	23
	3
	16
	6
	19
	3
	5
	10
	2
	15
	12
	18
	15
	7
	1
	9
	23
	19
	2
	1
	9
	18
	1
	22
	10
	3
	5
	7
	21
	19
	12
	23
	8
	21
	11
	9
	23
	7
	16
	21
	3
	24
	20
	11
	19
	4
	24
	2
	21
	19
	12
	23
	8
	2
	1
	24
	18
	20
	8
	10
	23
	17
	10
	22
	1
	18
	9
	20
	10
	16
	23
	3
	8
	1
	10
	24
	4
	2
	19
	6
	24
	12
	15
	10
	2
	14
	0
	19
	1
	7
	14
	18
	2
	15
	7
	18
	5
	7
	7
	15
	0
	18
	22
	2
	15
	18
	23
	13
	7
	15
	0
	18
	22
	8
	1
	18
	9
	21
	2
	15
	18
	12
	22
	6
	11
	14
	18
	11
	22
	11
	9
	23
	11
	8
	23
	2
	24
	21
	2
	24
	4
	10
	16
	6
	0
	9
	1
	11
	17
	1
	17
	11
	21
	14
	11
	3
	15
	2
	18
	15
	12
	15
	7
	18
	13
	18
	21
	8
	0
	6
	24
	10
	20
	24
	7
	23
	16
	7
	23
	8
	0
	21
	8
	18
	20
	9
	10
	21
	17
	7
	23
	19
	20
	18
	13
	18
	7
	5
	21
	7
	14
	11
	18
	15
	6
	17
	10
	23
	19
	2
	14
	11
	18
	15
	7
	17
	21
	18
	22
	11
	3
	15
	18
	2
	15
	4
	10
	17
	21
	10
	9
	1
	9
	21
	1
	9
	21
	9
	11
	21
	9
	11
	4
	16
	7
	23
	19
	12
	21
	8
	0
	21
	9
	11
	6
	24
	2
	23
	19
	2
	23
	8
	0
	6
	19
	5
	7
	3
	15
	11
	18
	22
	4
	16
	10
	23
	8
	12
	21
	19
	18
	13
	3
	7
	15
	0
	19
	4
	7
	16
	23
	7
	24
	20
	10
	24
	6
	0
	8
	15
	18
	2
	5
	2
	1
	5
	2
	18
	22
	1
	18
	8
	4
	11
	9
	1
	2
	5
	2
	23
	16
	7
	5
	7
	18
	15
	2
	18
	22
	18
	2
	15
	3
	10
	5
	7
	7
	5
	10
	3
	15
	2
	23
	19
	12
	21
	8
	18
	1
	9
	7
	1
	24
	6
	18
	13
	10
	4
	19
	0
	6
	19
	3
	1
	9
	10
	1
	14
	10
	14
	11
	11
	14
	21
	14
	1
	10
	9
	1
	3
	19
	21
	12
	8
	4
	10
	16
	23
	7
	9
	1
	19
	3
	21
	17
	10
	21
	9
	1
	12
	16
	1
	12
	16
	4
	10
	16
	4
	10
	9
	1
	10
	9
	21
	12
	19
	6
	0
	8
	23
	7
	16
	23
	7
	24
	20
	10
	24
	6
	0
	8
	21
	24
	2
	23
	8
	21
	0
	22
	0
	6
	19
	0
	6
	9
	10
	20
	24
	18
	6
	16
	20
	24
	18
	6
	16
	6
	18
	24
	20
	7
	15
	18
	0
	22
	7
	10
	5
	18
	7
	22
	11
	18
	5
	2
	20
	16
	18
	23
	8
	20
	10
	24
	4
	2
	15
	16
	3
	23
	8
	11
	21
	9
	18
	20
	19
	10
Violation-free sequence:
	21
	2
	19
	23
	3
	16
	6
	19
	3
	5
	10
	2
	15
	12
	18
	15
	7
	1
	9
	23
	19
	2
	1
	9
	18
	1
	22
	10
	3
	5
	7
	21
	19
	12
	23
	8
	21
	11
	9
	23
	7
	16
	21
	3
	24
	20
	11
	19
	4
	24
	2
	21
	19
	12
	23
	8
	2
	1
	24
	18
	20
	8
	10
	23
	17
	10
	22
	1
	18
	9
	20
	10
	16
	23
	3
	8
	1
	10
	24
	4
	2
	19
	6
	24
	12
	15
	10
	2
	14
	0
	19
	1
	7
	14
	18
	2
	15
	7
	18
	5
	7
	7
	15
	0
	18
	22
	2
	15
	18
	23
	13
	7
	15
	0
	18
	22
	8
	1
	18
	9
	21
	2
	15
	18
	12
	22
	6
	11
	14
	18
	11
	22
	11
	9
	23
	11
	8
	23
	2
	24
	21
	2
	24
	4
	10
	16
	6
	0
	9
	1
	11
	17
	1
	17
	11
	21
	14
	11
	3
	15
	2
	18
	15
	12
	15
	7
	18
	13
	18
	21
	8
	0
	6
	24
	10
	20
	24
	7
	23
	16
	7
	23
	8
	0
	21
	8
	18
	20
	9
	10
	21
	17
	7
	23
	19
	20
	18
	13
	18
	7
	5
	21
	7
	14
	11
	18
	15
	6
	17
	10
	23
	19
	2
	14
	11
	18
	15
	7
	17
	21
	18
	22
	11
	3
	15
	18
	2
	15
	4
	10
	17
	21
	10
	9
	1
	9
	21
	1
	9
	21
	9
	11
	21
	9
	11
	4
	16
	7
	23
	19
	12
	21
	8
	0
	21
	9
	11
	6
	24
	2
	23
	19
	2
	23
	8
	0
	6
	19
	5
	7
	3
	15
	11
	18
	22
	4
	16
	10
	23
	8
	12
	21
	19
	18
	13
	3
	7
	15
	0
	19
	4
	7
	16
	23
	7
	24
	20
	10
	24
	6
	0
	8
	15
	18
	2
	5
	2
	1
	5
	2
	18
	22
	1
	18
	8
	4
	11
	9
	1
	2
	5
	2
	23
	16
	7
	5
	7
	18
	15
	2
	18
	22
	18
	2
	15
	3
	10
	5
	7
	7
	5
	10
	3
	15
	2
	23
	19
	12
	21
	8
	18
	1
	9
	7
	1
	24
	6
	18
	13
	10
	4
	19
	0
	6
	19
	3
	1
	9
	10
	1
	14
	10
	14
	11
	11
	14
	21
	14
	1
	10
	9
	1
	3
	19
	21
	12
	8
	4
	10
	16
	23
	7
	9
	1
	19
	3
	21
	17
	10
	21
	9
	1
	12
	16
	1
	12
	16
	4
	10
	16
	4
	10
	9
	1
	10
	9
	21
	12
	19
	6
	0
	8
	23
	7
	16
	23
	7
	24
	20
	10
	24
	6
	0
	8
	21
	24
	2
	23
	8
	21
	0
	22
	0
	6
	19
	0
	6
	9
	10
	20
	24
	18
	6
	16
	20
	24
	18
	6
	16
	6
	18
	24
	20
	7
	15
	18
	0
	22
	7
	10
	5
	18
	7
	22
	11
	18
	5
	2
	20
	16
	18
	23
	8
	20
	10
	24
	4
	2
	15
	16
	3
	23
	8
	11
	21
	9
	18
	20
	19
	10
