Version identifier: 22.1.0.0 | 2022-03-09 | 1a383f8ce
CPXPARAM_Threads                                 1
CPXPARAM_MIP_Strategy_VariableSelect             3
CPXPARAM_TimeLimit                               600
Tried aggregator 1 time.
Reduced MIP has 1825 rows, 10500 columns, and 93851 nonzeros.
Reduced MIP has 8700 binaries, 1800 generals, 0 SOSs, and 0 indicators.
Presolve time = 0.04 sec. (36.42 ticks)
Tried aggregator 1 time.
Detecting symmetries...
Reduced MIP has 1825 rows, 10500 columns, and 93851 nonzeros.
Reduced MIP has 8700 binaries, 1800 generals, 0 SOSs, and 0 indicators.
Presolve time = 0.05 sec. (52.75 ticks)
Probing time = 0.01 sec. (4.60 ticks)
Clique table members: 300.
MIP emphasis: balance optimality and feasibility.
MIP search method: dynamic search.
Parallel mode: none, using 1 thread.
Root relaxation solution time = 2.67 sec. (2930.53 ticks)

        Nodes                                         Cuts/
   Node  Left     Objective  IInf  Best Integer    Best Bound    ItCnt     Gap

      0     0        0.0000  1771                      0.0000     7151         
Detecting symmetries...
      0     2        0.0000   588                      0.0000     7151         
Elapsed time = 30.30 sec. (34282.77 ticks, tree = 0.01 MB, solutions = 0)
      1     3        0.0000   831                      0.0000    16903         
      2     4        0.0000   862                      0.0000    23243         
      3     5       -0.0000   612                      0.0000    29090         
      4     6       -0.0000   614                      0.0000    29377         
      5     7       -0.0000   727                      0.0000    34321         
      7     7       -0.0000   576                      0.0000    38831         
      8     8        0.0000   585                      0.0000    39940         
      9     9        0.0000   544                      0.0000    43383         
     11     9        0.0000   341                      0.0000    48570         
     12    10       -0.0000   351                      0.0000    60083         
Elapsed time = 51.86 sec. (58288.59 ticks, tree = 0.08 MB, solutions = 0)
     13    11        0.0000   424                      0.0000    70918         
     15    11        0.0000   876                      0.0000    88528         
     16    10        cutoff                            0.0000    96532         
     17    11       -0.0000   469                      0.0000   104062         
     18    12        0.0000   462                      0.0000   110793         
     19    13       -0.0000   393                      0.0000   115664         
     20    14        0.0000   391                      0.0000   124307         
     21    15       -0.0000   255                      0.0000   134628         
     22    16        0.0000   247                      0.0000   138481         
     23    17       -0.0000   270                      0.0000   140840         
Elapsed time = 78.75 sec. (89620.44 ticks, tree = 0.18 MB, solutions = 0)
     24    18       -0.0000   254                      0.0000   142816         
     25    19        0.0000   283                      0.0000   146474         
     26    20        0.0000   222                      0.0000   148615         
     28    22       -0.0000   231                      0.0000   151899         
     29    23        0.0000   263                      0.0000   154152         
     31    25        0.0000   183                      0.0000   158196         
     32    26       -0.0000   213                      0.0000   160034         
     33    27       -0.0000   232                      0.0000   163645         
     34    28       -0.0000   338                      0.0000   170319         
     35    29        0.0000   200                      0.0000   171576         
Elapsed time = 94.08 sec. (107247.17 ticks, tree = 0.32 MB, solutions = 0)
     37    31       -0.0000   238                      0.0000   176838         
     38    32       -0.0000   202                      0.0000   178716         
     40    34        0.0000   226                      0.0000   180337         
     41    35        0.0000   223                      0.0000   184238         
     42    36        0.0000   181                      0.0000   192469         
     44    38       -0.0000   187                      0.0000   197043         
     46    40        0.0000   238                      0.0000   199900         
     47    41        0.0000   176                      0.0000   201799         
     48    42       -0.0000   162                      0.0000   204415         
     49    43       -0.0000   167                      0.0000   208822         
Elapsed time = 112.69 sec. (128551.38 ticks, tree = 0.45 MB, solutions = 0)
     50    44       -0.0000   391                      0.0000   215167         
     52    46      400.0000   347                      0.0000   220928         
     54    48       -0.0000   298                      0.0000   224553         
     56    50       -0.0000   174                      0.0000   226011         
     58    52       -0.0000   211                      0.0000   228338         
     60    54      400.0000   176                      0.0000   234312         
     61    55        0.0000   181                      0.0000   236607         
     62    56       -0.0000   175                      0.0000   239480         
     64    58        0.0000   175                      0.0000   243745         
     65    59        0.0000   296                      0.0000   245738         
Elapsed time = 138.09 sec. (157095.58 ticks, tree = 0.68 MB, solutions = 0)
     66    60       -0.0000   149                      0.0000   247727         
     67    61       -0.0000   285                      0.0000   251996         
     68    62        0.0000   218                      0.0000   253686         
     69    63       -0.0000   183                      0.0000   255091         
     70    64        0.0000   295                      0.0000   260072         
     71    65        0.0000   204                      0.0000   262643         
     72    66        0.0000   226                      0.0000   263816         
     74    68       -0.0000   209                      0.0000   264307         
     75    69       -0.0000   229                      0.0000   266440         
     77    71       -0.0000   183                      0.0000   266836         
Elapsed time = 150.21 sec. (170786.48 ticks, tree = 0.88 MB, solutions = 0)
     79    73       -0.0000   189                      0.0000   268603         
     80    74      400.1111   447                      0.0000   277478         
     82    76       -0.0000   134                      0.0000   280349         
     83    77        0.0000   177                      0.0000   281888         
     84    78       -0.0000   205                      0.0000   285075         
     85    79       -0.0000   201                      0.0000   288807         
     87    81       -0.0000   138                      0.0000   292755         
     88    82       -0.0000   152                      0.0000   297804         
     89    83       -0.0000   138                      0.0000   299849         
     90    84       -0.0000   260                      0.0000   310425         
Elapsed time = 169.54 sec. (192740.22 ticks, tree = 1.06 MB, solutions = 0)
     93    85       -0.0000   111                      0.0000   313651         
     94    86        0.0000   154                      0.0000   315082         
*    95     2      integral     0        0.0000        0.0000   315501    0.00%

Root node processing (before b&c):
  Real time             =   30.26 sec. (34246.19 ticks)
Sequential b&c:
  Real time             =  142.24 sec. (161770.11 ticks)
                          ------------
Total (root+branch&cut) =  172.50 sec. (196016.30 ticks)
Violation-free sequence bound:	300
Unscheduled:	0
Status:	Optimal
Time:	172.51
Sequence:
	0
	4
	3
	14
	11
	10
	6
	19
	8
	14
	12
	10
	18
	16
	8
	18
	13
	7
	24
	16
	10
	18
	16
	10
	24
	13
	10
	5
	15
	8
	18
	16
	10
	18
	16
	10
	20
	13
	21
	5
	6
	22
	4
	18
	22
	0
	24
	21
	0
	5
	3
	14
	4
	21
	2
	4
	22
	6
	4
	22
	4
	2
	21
	4
	5
	3
	14
	4
	3
	14
	4
	23
	6
	0
	23
	0
	1
	7
	6
	16
	7
	2
	13
	7
	14
	15
	9
	13
	6
	9
	13
	2
	7
	19
	2
	10
	20
	0
	10
	11
	6
	22
	4
	6
	22
	4
	14
	3
	4
	14
	21
	24
	13
	7
	1
	0
	23
	12
	14
	10
	19
	2
	7
	16
	4
	17
	16
	19
	8
	6
	20
	17
	4
	16
	10
	20
	0
	10
	20
	0
	8
	19
	2
	10
	19
	16
	17
	5
	13
	7
	2
	13
	9
	15
	0
	9
	12
	14
	10
	12
	14
	7
	16
	6
	7
	11
	17
	14
	19
	10
	1
	4
	8
	13
	12
	8
	6
	11
	10
	18
	16
	7
	14
	15
	7
	16
	6
	9
	15
	0
	23
	4
	2
	21
	4
	5
	3
	14
	4
	21
	24
	0
	23
	0
	18
	22
	0
	5
	3
	0
	5
	3
	14
	18
	21
	5
	14
	3
	4
	0
	23
	24
	0
	21
	18
	16
	9
	6
	13
	7
	2
	16
	7
	0
	12
	8
	14
	19
	17
	0
	11
	8
	15
	4
	3
	14
	5
	21
	6
	4
	22
	14
	18
	21
	6
	5
	22
	6
	19
	10
	2
	11
	10
	13
	18
	8
	16
	18
	10
	19
	2
	8
	19
	6
	21
	11
	14
	17
	19
	0
	9
	1
	0
	7
	13
	2
	9
	13
	19
	3
	14
	5
	3
	0
	7
	16
	2
	7
	13
	0
Violation-free sequence:
	0
	4
	3
	14
	11
	10
	6
	19
	8
	14
	12
	10
	18
	16
	8
	18
	13
	7
	24
	16
	10
	18
	16
	10
	24
	13
	10
	5
	15
	8
	18
	16
	10
	18
	16
	10
	20
	13
	21
	5
	6
	22
	4
	18
	22
	0
	24
	21
	0
	5
	3
	14
	4
	21
	2
	4
	22
	6
	4
	22
	4
	2
	21
	4
	5
	3
	14
	4
	3
	14
	4
	23
	6
	0
	23
	0
	1
	7
	6
	16
	7
	2
	13
	7
	14
	15
	9
	13
	6
	9
	13
	2
	7
	19
	2
	10
	20
	0
	10
	11
	6
	22
	4
	6
	22
	4
	14
	3
	4
	14
	21
	24
	13
	7
	1
	0
	23
	12
	14
	10
	19
	2
	7
	16
	4
	17
	16
	19
	8
	6
	20
	17
	4
	16
	10
	20
	0
	10
	20
	0
	8
	19
	2
	10
	19
	16
	17
	5
	13
	7
	2
	13
	9
	15
	0
	9
	12
	14
	10
	12
	14
	7
	16
	6
	7
	11
	17
	14
	19
	10
	1
	4
	8
	13
	12
	8
	6
	11
	10
	18
	16
	7
	14
	15
	7
	16
	6
	9
	15
	0
	23
	4
	2
	21
	4
	5
	3
	14
	4
	21
	24
	0
	23
	0
	18
	22
	0
	5
	3
	0
	5
	3
	14
	18
	21
	5
	14
	3
	4
	0
	23
	24
	0
	21
	18
	16
	9
	6
	13
	7
	2
	16
	7
	0
	12
	8
	14
	19
	17
	0
	11
	8
	15
	4
	3
	14
	5
	21
	6
	4
	22
	14
	18
	21
	6
	5
	22
	6
	19
	10
	2
	11
	10
	13
	18
	8
	16
	18
	10
	19
	2
	8
	19
	6
	21
	11
	14
	17
	19
	0
	9
	1
	0
	7
	13
	2
	9
	13
	19
	3
	14
	5
	3
	0
	7
	16
	2
	7
	13
	0
