Version identifier: 22.1.0.0 | 2022-03-09 | 1a383f8ce
CPXPARAM_Threads                                 1
CPXPARAM_MIP_Strategy_VariableSelect             3
CPXPARAM_TimeLimit                               600
Tried aggregator 1 time.
Reduced MIP has 1825 rows, 10500 columns, and 105383 nonzeros.
Reduced MIP has 7800 binaries, 2700 generals, 0 SOSs, and 0 indicators.
Presolve time = 0.06 sec. (41.25 ticks)
Tried aggregator 1 time.
Detecting symmetries...
Reduced MIP has 1825 rows, 10500 columns, and 105383 nonzeros.
Reduced MIP has 7800 binaries, 2700 generals, 0 SOSs, and 0 indicators.
Presolve time = 0.06 sec. (58.78 ticks)
Probing time = 0.01 sec. (4.73 ticks)
Clique table members: 300.
MIP emphasis: balance optimality and feasibility.
MIP search method: dynamic search.
Parallel mode: none, using 1 thread.
Root relaxation solution time = 1.92 sec. (2249.73 ticks)

        Nodes                                         Cuts/
   Node  Left     Objective  IInf  Best Integer    Best Bound    ItCnt     Gap

      0     0        0.0000  1704                      0.0000     5544         
Detecting symmetries...
      0     2        0.0000   714                      0.0000     5544         
Elapsed time = 21.73 sec. (26495.84 ticks, tree = 0.01 MB, solutions = 0)
      1     3        0.0000  1423                      0.0000    16712         
      2     4        0.0000   927                      0.0000    22646         
      3     5        0.0000  1675                      0.0000    29936         
      4     6        0.0000   969                      0.0000    30068         
      5     7        0.0000  1063                      0.0000    30479         
      6     8        0.0000  1188                      0.0000    31671         
      7     9        0.0000  1178                      0.0000    38305         
      8    10        0.0000  1071                      0.0000    39517         
      9    11        0.0000  1131                      0.0000    40385         
     10    12        0.0000   980                      0.0000    45692         
Elapsed time = 41.33 sec. (49151.75 ticks, tree = 0.12 MB, solutions = 0)
     11    13        0.0000   996                      0.0000    50129         
     13    15        0.0000   979                      0.0000    58886         
     14    16        0.0000   955                      0.0000    65842         
     15    17        0.0000  1003                      0.0000    75099         
     16    18        0.0000   980                      0.0000    76519         
     17    19        0.0000  1003                      0.0000    82016         
     19    21        0.0000   914                      0.0000    84847         
     20    22        0.0000  1335                      0.0000    91778         
     22    24        0.0000  1003                      0.0000    96562         
     24    26        0.0000   914                      0.0000   100522         
Elapsed time = 69.11 sec. (81576.49 ticks, tree = 0.33 MB, solutions = 0)
     25    27        0.0000  1059                      0.0000   110692         
     27    29        0.0000  1079                      0.0000   115344         
     29    31        0.0000  1536                      0.0000   122521         
     31    33        0.0000   916                      0.0000   126192         
     33    35        0.0000   882                      0.0000   129615         
     35    37        0.0000  1005                      0.0000   136089         
     36    38        0.0000   805                      0.0000   141575         
     37    39        0.0000  1104                      0.0000   142322         
     38    40        0.0000   816                      0.0000   147047         
     39    41        0.0000   892                      0.0000   151525         
Elapsed time = 96.27 sec. (113160.85 ticks, tree = 0.52 MB, solutions = 0)
     40    42        0.0000   884                      0.0000   157269         
     41    43        0.0000  1016                      0.0000   162392         
     43    45        0.0000   867                      0.0000   172213         
     44    46        0.0000  1467                      0.0000   182958         
     46    48        0.0000  1108                      0.0000   188857         
     48    48        cutoff                            0.0000   194991         
     51    49        0.0000   878                      0.0000   196658         
     52    50        0.0000   817                      0.0000   210936         
     53    49        cutoff                            0.0000   219363         
     54    50        0.0000   839                      0.0000   223589         
Elapsed time = 140.73 sec. (161556.59 ticks, tree = 0.65 MB, solutions = 0)
     55    51        0.0000   831                      0.0000   231712         
     56    52        0.0000  1032                      0.0000   236852         
     57    53        0.0000   763                      0.0000   238503         
     58    54        0.0000   969                      0.0000   251315         
     60    56        0.0000   974                      0.0000   256226         
     61    57        0.0000   950                      0.0000   266154         
     62    58        0.0000   960                      0.0000   273345         
     64    60        0.0000   946                      0.0000   278680         
     65    61        0.0000  1014                      0.0000   283888         
     67    63        0.0000   916                      0.0000   286512         
Elapsed time = 171.65 sec. (196703.94 ticks, tree = 0.81 MB, solutions = 0)
     68    64        0.0000   929                      0.0000   289688         
     70    66        0.0000   845                      0.0000   294030         
     71    67        0.0000   890                      0.0000   298095         
     72    68        0.0000   895                      0.0000   303777         
     73    69        0.0000  1094                      0.0000   308426         
     75    71        0.0000   940                      0.0000   313510         
     77    73        0.0000  1130                      0.0000   318657         
     78    74        0.0000  1007                      0.0000   322632         
     79    75        0.0000   980                      0.0000   328251         
     80    76        0.0000  1009                      0.0000   331847         
Elapsed time = 195.05 sec. (223320.81 ticks, tree = 1.00 MB, solutions = 0)
     82    78        0.0000  1117                      0.0000   335439         
     84    80        0.0000  1147                      0.0000   340336         
     86    82        0.0000  1067                      0.0000   344304         
     88    84        0.0000  1030                      0.0000   348603         
     89    85        0.0000  1106                      0.0000   352224         
     90    86        0.0000  1044                      0.0000   352416         
     91    87        0.0000   966                      0.0000   356309         
     92    88        0.0000  1114                      0.0000   360666         
     93    89        0.0000   982                      0.0000   370066         
     94    90        0.0000  1234                      0.0000   376848         
Elapsed time = 221.52 sec. (252661.71 ticks, tree = 1.25 MB, solutions = 0)
     95    91        0.0000  1223                      0.0000   382836         
     97    93        0.0000  1266                      0.0000   383142         
     98    94        0.0000  1234                      0.0000   388217         
    100    96        0.0000  1188                      0.0000   393621         
    102    98        0.0000  1208                      0.0000   399146         
    103    99        0.0000  1179                      0.0000   403517         
    104   100        0.0000  1183                      0.0000   407870         
    106   102        0.0000  1377                      0.0000   412104         
    108   104        0.0000  1130                      0.0000   415649         
    109   105        0.0000  1155                      0.0000   419994         
Elapsed time = 256.29 sec. (291060.64 ticks, tree = 1.52 MB, solutions = 0)
    111   107        0.0000  1174                      0.0000   425289         
    113   109        0.0000  1138                      0.0000   429945         
    114   110        0.0000  1198                      0.0000   435524         
    116   112        0.0000  1343                      0.0000   440742         
    117   113        0.0000  1204                      0.0000   446520         
    118   114        0.0000  1198                      0.0000   451784         
    120   116        0.0000  1229                      0.0000   452334         
    122   118        0.0000  1274                      0.0000   457083         
    124   120        0.0000  1157                      0.0000   461620         
    125   121        0.0000  1137                      0.0000   466177         
Elapsed time = 285.99 sec. (324244.92 ticks, tree = 1.81 MB, solutions = 0)
    126   122        0.0000  1258                      0.0000   470046         
    128   124        0.0000   987                      0.0000   475075         
    129   125        0.0000  1134                      0.0000   478470         
    131   127        0.0000  1181                      0.0000   482355         
    133   129        0.0000  1107                      0.0000   486607         
    135   131        0.0000  1140                      0.0000   491161         
    137   133        0.0000  1022                      0.0000   495660         
    139   135        0.0000  1042                      0.0000   499671         
    140   136        0.0000  1155                      0.0000   504004         
    144   140        0.0000  1067                      0.0000   513438         
Elapsed time = 312.12 sec. (353631.72 ticks, tree = 2.13 MB, solutions = 0)
    148   144        0.0000  1064                      0.0000   520814         
    151   147        0.0000  1146                      0.0000   529849         
    155   151        0.0000  1159                      0.0000   537112         
    158   154        0.0000  1108                      0.0000   544921         
    160   156        0.0000  1201                      0.0000   554848         
    163   159        0.0000  1173                      0.0000   562916         
    167   163        0.0000  1063                      0.0000   571444         
    171   167        0.0000  1151                      0.0000   578952         
    174   170        0.0000  1151                      0.0000   588311         
    177   173        0.0000  1134                      0.0000   597639         
Elapsed time = 356.73 sec. (403308.96 ticks, tree = 2.74 MB, solutions = 0)
    180   176        0.0000  1103                      0.0000   606141         
    183   179        0.0000  1183                      0.0000   613291         
    187   183        0.0000  1092                      0.0000   621909         
    190   186        0.0000  1158                      0.0000   630049         
    194   190        0.0000  1094                      0.0000   638116         
    198   194        0.0000  1102                      0.0000   646198         
    203   199        0.0000   947                      0.0000   653208         
    206   202        0.0000   984                      0.0000   661025         
    211   207        0.0000   991                      0.0000   667603         
    215   211        0.0000  1012                      0.0000   674920         
Elapsed time = 398.97 sec. (449926.33 ticks, tree = 3.43 MB, solutions = 0)
    219   215        0.0000   935                      0.0000   685873         
    220   216        0.0000   934                      0.0000   686051         
    224   220        0.0000   938                      0.0000   697105         
    228   224        0.0000   907                      0.0000   704409         
    232   228        0.0000  1074                      0.0000   714205         
    238   232        0.0000   971                      0.0000   720253         
    243   237        0.0000  1079                      0.0000   729815         
    247   241        0.0000  1074                      0.0000   738417         
    252   246        0.0000  1066                      0.0000   744412         
    257   251        0.0000  1068                      0.0000   753693         
Elapsed time = 443.00 sec. (497151.13 ticks, tree = 4.15 MB, solutions = 0)
    260   254        0.0000  1013                      0.0000   761807         
    263   257        0.0595   980                      0.0000   771199         
    268   262        0.0000  1018                      0.0000   781088         
    273   267        0.0094  1058                      0.0000   792235         
    278   272        0.4014   998                      0.0000   805145         
    283   277        0.1412  1068                      0.0000   825856         
    286   280        0.0000   987                      0.0000   842301         
    289   283        0.0507  1054                      0.0000   873398         
    294   286        0.0000  1001                      0.0000   898323         
    296   288        0.0000  1002                      0.0000   915319         
Elapsed time = 495.49 sec. (551980.50 ticks, tree = 4.83 MB, solutions = 0)
    297   289        0.2783  1074                      0.0000   938355         
    300   292        0.0000  1009                      0.0000   951790         
    302   294        0.0000   997                      0.0000   968897         
    304   296        0.0000  1039                      0.0000  1020794         
    305   297        0.3571  1101                      0.0000  1043572         
    307   299        0.0000  1051                      0.0000  1073818         
    309   301        0.0166  1080                      0.0000  1094076         
    313   305        0.4375   965                      0.0000  1121938         
    314   306        0.0000  1048                      0.0000  1121940         
    317   309       11.7971   984                      0.0000  1146054         
Elapsed time = 560.90 sec. (617755.11 ticks, tree = 5.13 MB, solutions = 0)
    320   312        0.0000  1012                      0.0000  1156115         
    321   313        0.9407  1061                      0.0000  1173820         
    323   315        0.0000  1017                      0.0000  1192240         
    326   318        0.0000  1019                      0.0000  1222356         
    328   320        0.0023  1053                      0.0000  1253235         
    332   324        1.0000  1094                      0.0000  1264911         

Root node processing (before b&c):
  Real time             =   21.69 sec. (26455.41 ticks)
Sequential b&c:
  Real time             =  578.31 sec. (630714.54 ticks)
                          ------------
Total (root+branch&cut) =  600.00 sec. (657169.95 ticks)
Violation-free sequence bound:	300
Unscheduled:	0
Status:	Unknown
Time:	0
Sequence:
Violation-free sequence:
