Version identifier: 22.1.0.0 | 2022-03-09 | 1a383f8ce
CPXPARAM_Threads                                 1
CPXPARAM_MIP_Strategy_VariableSelect             3
CPXPARAM_TimeLimit                               600
Tried aggregator 1 time.
Reduced MIP has 1825 rows, 10500 columns, and 79879 nonzeros.
Reduced MIP has 9000 binaries, 1500 generals, 0 SOSs, and 0 indicators.
Presolve time = 0.04 sec. (31.09 ticks)
Tried aggregator 1 time.
Detecting symmetries...
Reduced MIP has 1825 rows, 10500 columns, and 79879 nonzeros.
Reduced MIP has 9000 binaries, 1500 generals, 0 SOSs, and 0 indicators.
Presolve time = 0.05 sec. (46.27 ticks)
Probing time = 0.01 sec. (8.51 ticks)
Clique table members: 302.
MIP emphasis: balance optimality and feasibility.
MIP search method: dynamic search.
Parallel mode: none, using 1 thread.
Root relaxation solution time = 1.44 sec. (1431.34 ticks)

        Nodes                                         Cuts/
   Node  Left     Objective  IInf  Best Integer    Best Bound    ItCnt     Gap

      0     0        0.0000  1776                      0.0000     4769         
      0     0        0.0000  1463                 ZeroHalf: 5     5060         
      0     0        0.0000  1672               ZeroHalf: 186    13301         
      0     0        0.0000  1636                 ZeroHalf: 4    20250         
      0     0        0.0000  1528                ZeroHalf: 13    26245         
      0     0        0.0000  1685                ZeroHalf: 31    32542         
Detecting symmetries...
Detecting symmetries...
      0     2        0.0000  1264                      0.0000    32542         
Elapsed time = 79.96 sec. (91693.08 ticks, tree = 0.01 MB, solutions = 0)
      1     3        0.0000  1408                      0.0000    42970         
      2     4        0.0000  1684                      0.0000    49661         
      3     5        0.0000  1622                      0.0000    57080         
      4     6        0.0000  1506                      0.0000    57270         
      5     7        0.0000  1512                      0.0000    64216         
      6     6        cutoff                            0.0000    70719         
      7     5        cutoff                            0.0000    72286         
      8     6        0.0000  1508                      0.0000    77624         
      9     7        0.0000  1502                      0.0000    87412         
     10     8        0.0000  1456                      0.0000    94503         
Elapsed time = 106.85 sec. (122006.95 ticks, tree = 0.05 MB, solutions = 0)
     11     9        0.0000  1386                      0.0000   104608         
     12    10        0.0000  1456                      0.0000   116077         
     13    11        0.0000  1399                      0.0000   125981         
     14    12        0.0000  1387                      0.0000   131759         
     15    13        0.0000  1346                      0.0000   137510         
     16    14        0.0000  1739                      0.0000   147762         
     17    15        0.0000  1711                      0.0000   154654         
     18    16        0.0000  1691                      0.0000   160156         
     19    17        0.0000  1721                      0.0000   160323         
     21    19        0.0000  1601                      0.0000   165727         
Elapsed time = 138.16 sec. (156292.24 ticks, tree = 0.15 MB, solutions = 0)
     22    20        0.0000  1682                      0.0000   172444         
     23    21        0.0000  1701                      0.0000   179403         
     24    22        0.0000  1698                      0.0000   184954         
     26    24        0.0000  1589                      0.0000   194100         
     28    26       -0.0000  1613                      0.0000   200488         
     29    27       -0.0000  1649                      0.0000   206672         
     30    28       -0.0000  1611                      0.0000   210745         
     32    30        0.0000  1608                      0.0000   216848         
     34    32        0.0000  1589                      0.0000   221432         
     36    34       -0.0000  1475                      0.0000   224730         
Elapsed time = 169.35 sec. (189742.93 ticks, tree = 0.26 MB, solutions = 0)
     38    36       -0.0000  1390                      0.0000   231314         
     40    38        0.0000  1216                      0.0000   236283         
     41    39       -0.0000  1307                      0.0000   240532         
     42    40       -0.0000  1101                      0.0000   246959         
     43    41        0.0000  1043                      0.0000   254481         
     44    42       -0.0000  1009                      0.0000   261531         
     45    43        0.0000  1102                      0.0000   267674         
     46    44        0.0000  1188                      0.0000   272893         
     47    45       -0.0000  1130                      0.0000   276675         
     48    46       -0.0000  1195                      0.0000   282645         
Elapsed time = 193.55 sec. (214875.06 ticks, tree = 0.36 MB, solutions = 0)
     49    47       -0.0000  1083                      0.0000   289367         
     50    48       -0.0000   984                      0.0000   294510         
     51    49       -0.0000   946                      0.0000   299368         
     52    50        0.0000  1019                      0.0000   303316         
     53    51        0.0690  1133                      0.0000   310052         
     54    52        0.0000  1005                      0.0000   313610         
     56    54        0.1339  1127                      0.0000   320640         
     57    55        0.0000  1034                      0.0000   324506         
     58    56       -0.0000   890                      0.0000   330176         
     59    57        0.0125  1121                      0.0000   339010         
Elapsed time = 215.13 sec. (237459.70 ticks, tree = 0.50 MB, solutions = 0)
     60    58        0.0649  1262                      0.0000   348110         
     62    60        1.0000  1113                      0.0000   353270         
     64    62        0.0277  1269                      0.0000   354555         
     66    64        1.0000  1154                      0.0000   358423         
     67    65        0.4207  1065                      0.0000   361165         
     69    67        0.7910  1162                      0.0000   363718         
     71    69        0.8304  1105                      0.0000   366441         
     72    70        0.7769  1137                      0.0000   368572         
     73    71        1.6437   984                      0.0000   371141         
     75    73        6.1505  1055                      0.0000   376627         
Elapsed time = 235.60 sec. (258963.00 ticks, tree = 0.78 MB, solutions = 0)
     76    74        2.2011   992                      0.0000   378903         
     77    75        4.1666   997                      0.0000   380951         
     78    76        5.4861  1056                      0.0000   384763         
     80    78        7.2859   976                      0.0000   387789         
     82    80      144.8605  1116                      0.0000   396834         
     84    82       20.3639  1005                      0.0000   402254         
     86    84       17.1718  1101                      0.0000   405024         
     87    85      457.6121  1208                      0.0000   412963         
     89    87       93.0695  1115                      0.0000   416701         
     91    89      111.2895  1122                      0.0000   419822         
Elapsed time = 252.97 sec. (277476.63 ticks, tree = 1.07 MB, solutions = 0)
     93    91      132.7434  1101                      0.0000   423650         
     94    92       29.2843  1079                      0.0000   426127         
     95    93      130.5673  1134                      0.0000   429496         
     96    94       36.1566  1066                      0.0000   432286         
     97    95      133.0827  1099                      0.0000   436499         
     98    96      127.2736  1159                      0.0000   438570         
     99    97      290.7319  1100                      0.0000   441492         
    101    99      543.9976  1148                      0.0000   448313         
    102   100      687.6846  1241                      0.0000   454858         
    103   101      581.9005  1064                      0.0000   457937         
Elapsed time = 268.00 sec. (293696.03 ticks, tree = 1.29 MB, solutions = 0)
    104   102      585.0333  1113                      0.0000   464086         
    105   103      728.6227  1176                      0.0000   470768         
    107   105      585.1936  1078                      0.0000   472369         
    109   107      585.3447  1185                      0.0000   475455         
    110   108      597.5738  1080                      0.0000   482829         
    112   110      875.6846  1186                      0.0000   487993         
    114   112      666.4717  1223                      0.0000   492213         
    115   113      659.6231  1160                      0.0000   494191         
    117   115      720.6777  1158                      0.0000   494920         
    118   116     1044.1479  1222                      0.0000   496808         
Elapsed time = 284.74 sec. (311914.35 ticks, tree = 1.56 MB, solutions = 0)
    120   118      873.9168  1087                      0.0000   497372         
    121   119     2386.0780  1118                      0.0000   502080         
    122   120     1080.1641  1072                      0.0000   506371         
    123   121     1567.4077  1119                      0.0000   510187         
    125   123     4475.3333  1104                      0.0000   517428         
    126   124     1752.6216  1150                      0.0000   519708         
    127   125    13847.0163  1201                      0.0000   529912         
    128   126     3207.8822  1178                      0.0000   533865         
    129   127     4855.0814  1089                      0.0000   536380         
    130   128     5134.1137  1102                      0.0000   537905         
Elapsed time = 309.02 sec. (337720.36 ticks, tree = 1.76 MB, solutions = 0)
    133   131    13093.5680  1186                      0.0000   552962         
    135   133    19210.5193  1239                      0.0000   565803         
    138   136    18071.0345  1114                      0.0000   574626         
    140   138    80882.7492  1175                      0.0000   583041         
    142   140    90006.7443  1168                      0.0000   594778         
    145   143   224113.3355  1018                      0.0000   603788         
    149   147   462661.4510  1152                      0.0000   614301         
    151   149   532806.6169   980                      0.0000   644941         
    153   151  1351883.9074  1042                      0.0000   672933         
    155   153  2152022.7424   982                      0.0000   692730         
Elapsed time = 388.79 sec. (419887.87 ticks, tree = 2.18 MB, solutions = 0)
    156   154   5.76900e+07  1108                      0.0000   702245         
    157   155  2751974.1660  1112                      0.0000   714243         
    159   157  3083278.3730  1105                      0.0000   741133         
    161   159  9176581.7941  1089                      0.0000   763287         
    163   161  9751134.7588  1087                      0.0000   782798         
    165   163   2.65832e+07  1106                      0.0000   799592         
    168   166   7.60422e+07  1199                      0.0000   808269         
    171   169   5.29647e+07  1135                      0.0000   815197         
    173   171   5.30933e+07  1122                      0.0000   822952         
    176   174   8.03515e+07  1139                      0.0000   831409         
Elapsed time = 458.85 sec. (492322.60 ticks, tree = 2.26 MB, solutions = 0)
    179   177   1.18804e+08  1111                      0.0000   837699         
    183   181   1.63142e+08  1164                      0.0000   844227         
    187   185   1.73442e+08  1164                      0.0000   850083         
    191   189   5.48283e+08  1095                      0.0000   857265         
    194   192   1.88766e+09  1260                      0.0000   863592         
    198   196   5.91891e+09  1321                      0.0000   868549         
    202   200   6.41325e+09  1285                      0.0000   871923         
    204   202   4.26157e+12  1230                      0.0000   888127         
    206   202        cutoff                            0.0000   921766         
    208   202        cutoff                            0.0000   974254         
Elapsed time = 505.83 sec. (540159.62 ticks, tree = 2.38 MB, solutions = 0)
    210   202       -0.0000  1320                      0.0000   988414         
    215   207       -0.0000  1146                      0.0000   999042         
    218   210       -0.0000  1027                      0.0000  1012015         
    221   213       -0.0000  1126                      0.0000  1021262         
    223   215        0.5540  1342                      0.0000  1034924         
    225   216        1.0000  1102                      0.0000  1048469         
    227   218        0.0029  1219                      0.0000  1063202         
    231   220        0.0240  1348                      0.0000  1072432         
    235   224        1.0000  1264                      0.0000  1081450         
    237   226        1.0000  1212                      0.0000  1090782         
Elapsed time = 553.02 sec. (588589.28 ticks, tree = 2.47 MB, solutions = 0)
    240   229        1.0000  1291                      0.0000  1097726         
    242   231        1.0000  1195                      0.0000  1107616         
    244   233       11.8879  1289                      0.0000  1117626         
    246   235        1.0000  1153                      0.0000  1127554         
    248   237        1.0000  1156                      0.0000  1139699         
    251   238        6.9856  1352                      0.0000  1153701         
    254   241        1.0000  1160                      0.0000  1160094         
    257   244        6.2951  1037                      0.0000  1174167         
    260   247        1.0000  1196                      0.0000  1186758         

Zero-half cuts applied:  32

Root node processing (before b&c):
  Real time             =   79.89 sec. (91627.06 ticks)
Sequential b&c:
  Real time             =  520.11 sec. (545604.43 ticks)
                          ------------
Total (root+branch&cut) =  600.00 sec. (637231.49 ticks)
Violation-free sequence bound:	300
Unscheduled:	0
Status:	Unknown
Time:	0
Sequence:
Violation-free sequence:
