Version identifier: 22.1.0.0 | 2022-03-09 | 1a383f8ce
CPXPARAM_Threads                                 1
CPXPARAM_MIP_Strategy_VariableSelect             3
CPXPARAM_TimeLimit                               600
Tried aggregator 1 time.
Reduced MIP has 5525 rows, 22500 columns, and 173116 nonzeros.
Reduced MIP has 16500 binaries, 6000 generals, 0 SOSs, and 0 indicators.
Presolve time = 0.09 sec. (71.17 ticks)
Found incumbent of value 1014.902553 after 0.23 sec. (178.00 ticks)
Probing time = 0.01 sec. (14.84 ticks)
Tried aggregator 1 time.
Detecting symmetries...
Reduced MIP has 5525 rows, 22500 columns, and 173116 nonzeros.
Reduced MIP has 16500 binaries, 6000 generals, 0 SOSs, and 0 indicators.
Presolve time = 0.11 sec. (87.61 ticks)
Probing time = 0.01 sec. (14.84 ticks)
Clique table members: 508.
MIP emphasis: balance optimality and feasibility.
MIP search method: dynamic search.
Parallel mode: none, using 1 thread.
Root relaxation solution time = 0.13 sec. (105.12 ticks)

        Nodes                                         Cuts/
   Node  Left     Objective  IInf  Best Integer    Best Bound    ItCnt     Gap

*     0+    0                         1014.9026        0.0000           100.00%
      0     0        0.0000  1415     1014.9026        0.0000     1436  100.00%
*     0+    0                            0.0000        0.0000             0.00%
      0     0        cutoff              0.0000        0.0000     1436    0.00%
Elapsed time = 5.19 sec. (5460.02 ticks, tree = 0.01 MB, solutions = 2)

Root node processing (before b&c):
  Real time             =    5.19 sec. (5460.84 ticks)
Sequential b&c:
  Real time             =    0.00 sec. (0.00 ticks)
                          ------------
Total (root+branch&cut) =    5.19 sec. (5460.84 ticks)
Violation-free sequence bound:	500
Unscheduled:	0
Status:	Optimal
Time:	5.23
Sequence:
	23
	4
	20
	0
	2
	22
	15
	20
	17
	22
	22
	21
	0
	0
	19
	19
	16
	16
	19
	19
	16
	16
	19
	21
	19
	17
	17
	19
	0
	19
	17
	17
	21
	19
	19
	10
	7
	19
	20
	23
	17
	0
	19
	17
	0
	19
	21
	23
	0
	21
	20
	19
	21
	20
	21
	24
	21
	20
	17
	2
	17
	20
	0
	21
	19
	19
	21
	20
	21
	19
	20
	21
	19
	21
	23
	9
	21
	0
	17
	14
	19
	0
	20
	19
	24
	23
	20
	17
	17
	1
	20
	17
	17
	19
	19
	17
	17
	23
	0
	17
	17
	0
	2
	17
	23
	24
	17
	17
	19
	20
	17
	6
	17
	8
	17
	0
	17
	21
	3
	0
	0
	20
	5
	22
	19
	0
	20
	0
	9
	20
	9
	23
	15
	19
	20
	5
	19
	19
	0
	0
	19
	2
	14
	24
	18
	0
	19
	0
	1
	20
	14
	1
	17
	1
	17
	1
	21
	1
	11
	0
	1
	17
	1
	0
	17
	19
	18
	0
	23
	19
	19
	8
	24
	0
	3
	19
	19
	3
	23
	19
	19
	8
	0
	17
	2
	20
	22
	15
	17
	23
	8
	0
	23
	8
	23
	0
	23
	12
	14
	23
	0
	5
	19
	23
	0
	21
	0
	6
	1
	0
	2
	23
	13
	0
	9
	24
	23
	17
	0
	2
	8
	23
	14
	24
	8
	23
	0
	6
	5
	20
	0
	23
	0
	20
	14
	14
	23
	19
	23
	12
	0
	2
	17
	18
	20
	0
	23
	0
	19
	19
	14
	17
	11
	15
	7
	11
	23
	0
	7
	20
	7
	0
	23
	9
	7
	19
	23
	9
	23
	19
	23
	19
	23
	19
	23
	21
	23
	19
	19
	23
	24
	0
	23
	0
	23
	0
	15
	24
	15
	20
	15
	17
	15
	17
	23
	15
	23
	15
	24
	19
	23
	19
	23
	0
	0
	23
	24
	23
	24
	6
	23
	19
	24
	23
	24
	23
	17
	2
	23
	2
	23
	19
	23
	19
	23
	2
	23
	24
	23
	12
	23
	15
	23
	19
	23
	2
	24
	19
	5
	24
	24
	5
	23
	24
	24
	23
	19
	23
	17
	23
	19
	22
	23
	8
	23
	12
	23
	19
	23
	19
	23
	22
	23
	8
	19
	17
	9
	23
	19
	23
	19
	23
	0
	19
	23
	21
	9
	8
	19
	14
	19
	14
	19
	14
	19
	14
	19
	14
	19
	14
	19
	14
	19
	14
	21
	14
	19
	14
	0
	19
	12
	16
	20
	1
	21
	1
	20
	2
	0
	14
	23
	0
	7
	19
	8
	0
	23
	8
	0
	6
	23
	0
	6
	6
	19
	18
	6
	3
	18
	8
	19
	17
	8
	19
	7
	24
	0
	22
	20
	23
	5
	14
	23
	0
	14
	13
	22
	23
	14
	9
	23
	0
	20
	0
	0
	23
	21
	0
	5
	8
	0
	17
	8
	12
	3
	0
	23
	12
	0
	13
	0
	0
	13
	4
	21
	19
	19
	17
	0
	17
	20
	5
	23
	0
	23
	19
	4
	7
	16
	19
	4
	21
	0
	23
	9
	6
	24
	5
	24
	5
Violation-free sequence:
	23
	4
	20
	0
	2
	22
	15
	20
	17
	22
	22
	21
	0
	0
	19
	19
	16
	16
	19
	19
	16
	16
	19
	21
	19
	17
	17
	19
	0
	19
	17
	17
	21
	19
	19
	10
	7
	19
	20
	23
	17
	0
	19
	17
	0
	19
	21
	23
	0
	21
	20
	19
	21
	20
	21
	24
	21
	20
	17
	2
	17
	20
	0
	21
	19
	19
	21
	20
	21
	19
	20
	21
	19
	21
	23
	9
	21
	0
	17
	14
	19
	0
	20
	19
	24
	23
	20
	17
	17
	1
	20
	17
	17
	19
	19
	17
	17
	23
	0
	17
	17
	0
	2
	17
	23
	24
	17
	17
	19
	20
	17
	6
	17
	8
	17
	0
	17
	21
	3
	0
	0
	20
	5
	22
	19
	0
	20
	0
	9
	20
	9
	23
	15
	19
	20
	5
	19
	19
	0
	0
	19
	2
	14
	24
	18
	0
	19
	0
	1
	20
	14
	1
	17
	1
	17
	1
	21
	1
	11
	0
	1
	17
	1
	0
	17
	19
	18
	0
	23
	19
	19
	8
	24
	0
	3
	19
	19
	3
	23
	19
	19
	8
	0
	17
	2
	20
	22
	15
	17
	23
	8
	0
	23
	8
	23
	0
	23
	12
	14
	23
	0
	5
	19
	23
	0
	21
	0
	6
	1
	0
	2
	23
	13
	0
	9
	24
	23
	17
	0
	2
	8
	23
	14
	24
	8
	23
	0
	6
	5
	20
	0
	23
	0
	20
	14
	14
	23
	19
	23
	12
	0
	2
	17
	18
	20
	0
	23
	0
	19
	19
	14
	17
	11
	15
	7
	11
	23
	0
	7
	20
	7
	0
	23
	9
	7
	19
	23
	9
	23
	19
	23
	19
	23
	19
	23
	21
	23
	19
	19
	23
	24
	0
	23
	0
	23
	0
	15
	24
	15
	20
	15
	17
	15
	17
	23
	15
	23
	15
	24
	19
	23
	19
	23
	0
	0
	23
	24
	23
	24
	6
	23
	19
	24
	23
	24
	23
	17
	2
	23
	2
	23
	19
	23
	19
	23
	2
	23
	24
	23
	12
	23
	15
	23
	19
	23
	2
	24
	19
	5
	24
	24
	5
	23
	24
	24
	23
	19
	23
	17
	23
	19
	22
	23
	8
	23
	12
	23
	19
	23
	19
	23
	22
	23
	8
	19
	17
	9
	23
	19
	23
	19
	23
	0
	19
	23
	21
	9
	8
	19
	14
	19
	14
	19
	14
	19
	14
	19
	14
	19
	14
	19
	14
	19
	14
	21
	14
	19
	14
	0
	19
	12
	16
	20
	1
	21
	1
	20
	2
	0
	14
	23
	0
	7
	19
	8
	0
	23
	8
	0
	6
	23
	0
	6
	6
	19
	18
	6
	3
	18
	8
	19
	17
	8
	19
	7
	24
	0
	22
	20
	23
	5
	14
	23
	0
	14
	13
	22
	23
	14
	9
	23
	0
	20
	0
	0
	23
	21
	0
	5
	8
	0
	17
	8
	12
	3
	0
	23
	12
	0
	13
	0
	0
	13
	4
	21
	19
	19
	17
	0
	17
	20
	5
	23
	0
	23
	19
	4
	7
	16
	19
	4
	21
	0
	23
	9
	6
	24
	5
	24
	5
