Version identifier: 22.1.0.0 | 2022-03-09 | 1a383f8ce
CPXPARAM_Threads                                 1
CPXPARAM_MIP_Strategy_VariableSelect             3
CPXPARAM_TimeLimit                               600
Tried aggregator 1 time.
Reduced MIP has 5525 rows, 22500 columns, and 209847 nonzeros.
Reduced MIP has 13000 binaries, 9500 generals, 0 SOSs, and 0 indicators.
Presolve time = 0.11 sec. (93.24 ticks)
Found incumbent of value 55509.086936 after 0.29 sec. (221.71 ticks)
Probing time = 0.01 sec. (16.28 ticks)
Tried aggregator 1 time.
Detecting symmetries...
Reduced MIP has 5525 rows, 22500 columns, and 209847 nonzeros.
Reduced MIP has 13000 binaries, 9500 generals, 0 SOSs, and 0 indicators.
Presolve time = 0.14 sec. (111.71 ticks)
Probing time = 0.01 sec. (16.28 ticks)
Clique table members: 505.
MIP emphasis: balance optimality and feasibility.
MIP search method: dynamic search.
Parallel mode: none, using 1 thread.
Root relaxation solution time = 0.24 sec. (185.68 ticks)

        Nodes                                         Cuts/
   Node  Left     Objective  IInf  Best Integer    Best Bound    ItCnt     Gap

*     0+    0                        55509.0869        0.0000           100.00%
      0     0        0.0000  1356    55509.0869        0.0000     1925  100.00%
*     0+    0                            0.0000        0.0000             0.00%
      0     0        cutoff              0.0000        0.0000     1925    0.00%
Elapsed time = 4.38 sec. (4072.83 ticks, tree = 0.01 MB, solutions = 2)

Root node processing (before b&c):
  Real time             =    4.39 sec. (4073.65 ticks)
Sequential b&c:
  Real time             =    0.00 sec. (0.00 ticks)
                          ------------
Total (root+branch&cut) =    4.39 sec. (4073.65 ticks)
Violation-free sequence bound:	500
Unscheduled:	0
Status:	Optimal
Time:	4.42
Sequence:
	22
	20
	22
	17
	20
	22
	22
	10
	12
	22
	10
	22
	21
	24
	15
	23
	12
	22
	17
	5
	18
	22
	17
	12
	22
	22
	12
	0
	22
	0
	22
	21
	22
	19
	9
	21
	22
	22
	21
	20
	7
	22
	21
	20
	22
	20
	22
	6
	20
	12
	20
	19
	12
	20
	19
	21
	19
	20
	21
	19
	20
	21
	20
	19
	19
	17
	17
	19
	20
	17
	19
	17
	20
	17
	19
	19
	20
	17
	12
	17
	8
	17
	12
	17
	24
	17
	0
	17
	8
	17
	10
	17
	19
	17
	12
	17
	10
	17
	12
	17
	24
	17
	12
	17
	24
	8
	17
	17
	12
	10
	6
	17
	17
	22
	6
	19
	17
	17
	19
	2
	17
	17
	12
	20
	17
	6
	12
	0
	8
	8
	21
	0
	17
	19
	3
	20
	2
	20
	8
	2
	20
	22
	10
	21
	7
	6
	8
	24
	23
	0
	12
	14
	24
	21
	19
	14
	14
	19
	20
	16
	7
	12
	19
	14
	7
	12
	10
	7
	12
	0
	24
	12
	8
	7
	12
	15
	9
	9
	6
	12
	8
	10
	14
	12
	5
	8
	12
	6
	24
	21
	23
	8
	12
	14
	16
	8
	8
	6
	12
	22
	0
	10
	0
	10
	17
	12
	6
	24
	8
	17
	22
	16
	12
	6
	14
	10
	12
	5
	6
	6
	12
	6
	24
	19
	2
	20
	0
	2
	15
	14
	20
	2
	17
	17
	2
	8
	8
	23
	17
	12
	16
	6
	17
	20
	15
	12
	8
	20
	24
	15
	19
	12
	20
	3
	4
	19
	14
	14
	12
	6
	6
	0
	20
	17
	22
	16
	12
	15
	22
	17
	12
	15
	22
	15
	15
	21
	20
	6
	6
	15
	6
	12
	14
	16
	12
	15
	15
	12
	10
	15
	10
	15
	6
	15
	15
	6
	15
	6
	6
	10
	5
	8
	12
	15
	8
	0
	8
	6
	12
	6
	8
	24
	6
	6
	17
	3
	20
	6
	6
	6
	24
	24
	9
	12
	7
	8
	22
	21
	7
	8
	24
	12
	14
	9
	24
	17
	24
	17
	12
	23
	8
	12
	23
	19
	23
	0
	21
	19
	23
	2
	17
	20
	22
	12
	8
	24
	21
	15
	16
	6
	14
	0
	21
	20
	17
	12
	17
	8
	10
	12
	17
	19
	22
	8
	12
	8
	20
	12
	17
	24
	7
	12
	0
	8
	22
	12
	17
	8
	12
	6
	5
	12
	22
	22
	12
	10
	22
	12
	24
	6
	1
	12
	22
	8
	12
	8
	15
	5
	6
	12
	19
	22
	22
	12
	6
	20
	8
	8
	13
	17
	12
	6
	10
	10
	6
	0
	12
	10
	10
	21
	17
	0
	10
	10
	0
	12
	0
	8
	12
	11
	15
	12
	15
	8
	0
	8
	17
	0
	21
	8
	8
	17
	12
	6
	8
	24
	23
	6
	6
	6
	20
	8
	10
	17
	12
	14
	6
	12
	15
	24
	0
	0
	2
	14
	6
	6
	24
	17
	6
	14
	2
	6
	6
	8
	8
	12
	6
	14
	2
	6
	20
	6
	6
	8
	20
	6
	24
	6
	6
	24
Violation-free sequence:
	22
	20
	22
	17
	20
	22
	22
	10
	12
	22
	10
	22
	21
	24
	15
	23
	12
	22
	17
	5
	18
	22
	17
	12
	22
	22
	12
	0
	22
	0
	22
	21
	22
	19
	9
	21
	22
	22
	21
	20
	7
	22
	21
	20
	22
	20
	22
	6
	20
	12
	20
	19
	12
	20
	19
	21
	19
	20
	21
	19
	20
	21
	20
	19
	19
	17
	17
	19
	20
	17
	19
	17
	20
	17
	19
	19
	20
	17
	12
	17
	8
	17
	12
	17
	24
	17
	0
	17
	8
	17
	10
	17
	19
	17
	12
	17
	10
	17
	12
	17
	24
	17
	12
	17
	24
	8
	17
	17
	12
	10
	6
	17
	17
	22
	6
	19
	17
	17
	19
	2
	17
	17
	12
	20
	17
	6
	12
	0
	8
	8
	21
	0
	17
	19
	3
	20
	2
	20
	8
	2
	20
	22
	10
	21
	7
	6
	8
	24
	23
	0
	12
	14
	24
	21
	19
	14
	14
	19
	20
	16
	7
	12
	19
	14
	7
	12
	10
	7
	12
	0
	24
	12
	8
	7
	12
	15
	9
	9
	6
	12
	8
	10
	14
	12
	5
	8
	12
	6
	24
	21
	23
	8
	12
	14
	16
	8
	8
	6
	12
	22
	0
	10
	0
	10
	17
	12
	6
	24
	8
	17
	22
	16
	12
	6
	14
	10
	12
	5
	6
	6
	12
	6
	24
	19
	2
	20
	0
	2
	15
	14
	20
	2
	17
	17
	2
	8
	8
	23
	17
	12
	16
	6
	17
	20
	15
	12
	8
	20
	24
	15
	19
	12
	20
	3
	4
	19
	14
	14
	12
	6
	6
	0
	20
	17
	22
	16
	12
	15
	22
	17
	12
	15
	22
	15
	15
	21
	20
	6
	6
	15
	6
	12
	14
	16
	12
	15
	15
	12
	10
	15
	10
	15
	6
	15
	15
	6
	15
	6
	6
	10
	5
	8
	12
	15
	8
	0
	8
	6
	12
	6
	8
	24
	6
	6
	17
	3
	20
	6
	6
	6
	24
	24
	9
	12
	7
	8
	22
	21
	7
	8
	24
	12
	14
	9
	24
	17
	24
	17
	12
	23
	8
	12
	23
	19
	23
	0
	21
	19
	23
	2
	17
	20
	22
	12
	8
	24
	21
	15
	16
	6
	14
	0
	21
	20
	17
	12
	17
	8
	10
	12
	17
	19
	22
	8
	12
	8
	20
	12
	17
	24
	7
	12
	0
	8
	22
	12
	17
	8
	12
	6
	5
	12
	22
	22
	12
	10
	22
	12
	24
	6
	1
	12
	22
	8
	12
	8
	15
	5
	6
	12
	19
	22
	22
	12
	6
	20
	8
	8
	13
	17
	12
	6
	10
	10
	6
	0
	12
	10
	10
	21
	17
	0
	10
	10
	0
	12
	0
	8
	12
	11
	15
	12
	15
	8
	0
	8
	17
	0
	21
	8
	8
	17
	12
	6
	8
	24
	23
	6
	6
	6
	20
	8
	10
	17
	12
	14
	6
	12
	15
	24
	0
	0
	2
	14
	6
	6
	24
	17
	6
	14
	2
	6
	6
	8
	8
	12
	6
	14
	2
	6
	20
	6
	6
	8
	20
	6
	24
	6
	6
	24
