Version identifier: 22.1.0.0 | 2022-03-09 | 1a383f8ce
CPXPARAM_Threads                                 1
CPXPARAM_MIP_Strategy_VariableSelect             3
CPXPARAM_TimeLimit                               600
Tried aggregator 1 time.
Reduced MIP has 5525 rows, 22500 columns, and 213970 nonzeros.
Reduced MIP has 15000 binaries, 7500 generals, 0 SOSs, and 0 indicators.
Presolve time = 0.12 sec. (91.58 ticks)
Found incumbent of value 1898.101968 after 0.32 sec. (219.43 ticks)
Probing time = 0.01 sec. (8.19 ticks)
Tried aggregator 1 time.
Detecting symmetries...
Reduced MIP has 5525 rows, 22500 columns, and 213970 nonzeros.
Reduced MIP has 15000 binaries, 7500 generals, 0 SOSs, and 0 indicators.
Presolve time = 0.15 sec. (111.25 ticks)
Probing time = 0.01 sec. (8.19 ticks)
Clique table members: 502.
MIP emphasis: balance optimality and feasibility.
MIP search method: dynamic search.
Parallel mode: none, using 1 thread.
Root relaxation solution time = 0.37 sec. (342.82 ticks)

        Nodes                                         Cuts/
   Node  Left     Objective  IInf  Best Integer    Best Bound    ItCnt     Gap

*     0+    0                         1898.1020        0.0000           100.00%
      0     0        0.0000  1635     1898.1020        0.0000     2481  100.00%
*     0+    0                            0.0000        0.0000             0.00%
      0     0        cutoff              0.0000        0.0000     2481    0.00%
Elapsed time = 4.04 sec. (4063.82 ticks, tree = 0.01 MB, solutions = 2)

Root node processing (before b&c):
  Real time             =    4.04 sec. (4064.64 ticks)
Sequential b&c:
  Real time             =    0.00 sec. (0.00 ticks)
                          ------------
Total (root+branch&cut) =    4.04 sec. (4064.64 ticks)
Violation-free sequence bound:	500
Unscheduled:	0
Status:	Optimal
Time:	4.1
Sequence:
	18
	2
	2
	18
	19
	14
	18
	23
	23
	22
	9
	18
	19
	11
	18
	22
	7
	19
	2
	18
	23
	22
	22
	20
	23
	22
	23
	20
	23
	18
	17
	23
	18
	20
	23
	18
	23
	22
	18
	23
	19
	11
	9
	6
	11
	9
	19
	18
	22
	1
	18
	1
	19
	16
	18
	11
	12
	19
	18
	11
	23
	19
	18
	24
	17
	9
	9
	17
	24
	16
	17
	16
	11
	19
	0
	18
	11
	17
	0
	18
	24
	17
	11
	11
	18
	17
	11
	11
	17
	24
	11
	11
	17
	24
	11
	11
	9
	1
	20
	0
	9
	14
	1
	19
	22
	24
	7
	4
	11
	1
	19
	21
	2
	19
	18
	10
	11
	19
	8
	23
	1
	18
	11
	11
	17
	18
	11
	11
	1
	12
	4
	11
	11
	9
	3
	11
	11
	9
	18
	19
	22
	11
	9
	19
	1
	11
	18
	19
	24
	11
	2
	11
	2
	2
	11
	11
	1
	10
	10
	11
	2
	11
	2
	10
	12
	11
	11
	12
	18
	11
	11
	12
	2
	11
	2
	2
	1
	11
	4
	12
	11
	24
	19
	18
	11
	17
	24
	18
	15
	0
	23
	18
	15
	14
	9
	23
	4
	11
	22
	20
	0
	0
	19
	18
	11
	22
	2
	19
	11
	24
	18
	19
	22
	22
	13
	16
	14
	18
	0
	17
	14
	9
	9
	18
	11
	20
	2
	9
	16
	1
	20
	11
	24
	22
	13
	9
	14
	17
	11
	1
	19
	1
	1
	20
	18
	11
	8
	18
	19
	8
	14
	23
	5
	11
	1
	11
	18
	19
	2
	11
	1
	18
	11
	11
	1
	4
	11
	1
	17
	11
	18
	19
	6
	14
	9
	15
	1
	2
	11
	1
	11
	1
	15
	10
	1
	20
	1
	23
	1
	1
	11
	15
	10
	0
	11
	16
	24
	18
	17
	1
	1
	18
	1
	17
	11
	1
	9
	23
	1
	20
	9
	2
	9
	1
	2
	18
	9
	9
	2
	1
	2
	17
	9
	7
	2
	1
	24
	16
	8
	24
	19
	8
	16
	1
	2
	2
	19
	11
	16
	9
	2
	10
	19
	1
	9
	19
	11
	1
	9
	9
	18
	24
	24
	17
	24
	18
	24
	24
	1
	24
	24
	1
	1
	1
	23
	17
	1
	1
	24
	1
	24
	1
	1
	24
	24
	18
	24
	24
	0
	24
	24
	4
	24
	16
	14
	20
	1
	23
	1
	19
	1
	11
	22
	18
	17
	14
	14
	17
	23
	14
	14
	9
	17
	18
	1
	7
	19
	8
	18
	23
	19
	14
	18
	9
	14
	0
	14
	23
	24
	4
	9
	10
	2
	17
	1
	1
	18
	10
	21
	13
	11
	23
	9
	3
	11
	24
	19
	21
	11
	9
	13
	1
	23
	11
	19
	9
	1
	13
	22
	23
	18
	17
	1
	1
	1
	18
	19
	24
	18
	19
	9
	14
	17
	0
	14
	20
	0
	8
	14
	14
	17
	0
	0
	10
	18
	8
	8
	6
	18
	6
	9
	1
	21
	9
	17
	9
	2
	18
	14
	21
	9
	9
	2
	21
	2
	18
	15
	1
	9
	3
Violation-free sequence:
	18
	2
	2
	18
	19
	14
	18
	23
	23
	22
	9
	18
	19
	11
	18
	22
	7
	19
	2
	18
	23
	22
	22
	20
	23
	22
	23
	20
	23
	18
	17
	23
	18
	20
	23
	18
	23
	22
	18
	23
	19
	11
	9
	6
	11
	9
	19
	18
	22
	1
	18
	1
	19
	16
	18
	11
	12
	19
	18
	11
	23
	19
	18
	24
	17
	9
	9
	17
	24
	16
	17
	16
	11
	19
	0
	18
	11
	17
	0
	18
	24
	17
	11
	11
	18
	17
	11
	11
	17
	24
	11
	11
	17
	24
	11
	11
	9
	1
	20
	0
	9
	14
	1
	19
	22
	24
	7
	4
	11
	1
	19
	21
	2
	19
	18
	10
	11
	19
	8
	23
	1
	18
	11
	11
	17
	18
	11
	11
	1
	12
	4
	11
	11
	9
	3
	11
	11
	9
	18
	19
	22
	11
	9
	19
	1
	11
	18
	19
	24
	11
	2
	11
	2
	2
	11
	11
	1
	10
	10
	11
	2
	11
	2
	10
	12
	11
	11
	12
	18
	11
	11
	12
	2
	11
	2
	2
	1
	11
	4
	12
	11
	24
	19
	18
	11
	17
	24
	18
	15
	0
	23
	18
	15
	14
	9
	23
	4
	11
	22
	20
	0
	0
	19
	18
	11
	22
	2
	19
	11
	24
	18
	19
	22
	22
	13
	16
	14
	18
	0
	17
	14
	9
	9
	18
	11
	20
	2
	9
	16
	1
	20
	11
	24
	22
	13
	9
	14
	17
	11
	1
	19
	1
	1
	20
	18
	11
	8
	18
	19
	8
	14
	23
	5
	11
	1
	11
	18
	19
	2
	11
	1
	18
	11
	11
	1
	4
	11
	1
	17
	11
	18
	19
	6
	14
	9
	15
	1
	2
	11
	1
	11
	1
	15
	10
	1
	20
	1
	23
	1
	1
	11
	15
	10
	0
	11
	16
	24
	18
	17
	1
	1
	18
	1
	17
	11
	1
	9
	23
	1
	20
	9
	2
	9
	1
	2
	18
	9
	9
	2
	1
	2
	17
	9
	7
	2
	1
	24
	16
	8
	24
	19
	8
	16
	1
	2
	2
	19
	11
	16
	9
	2
	10
	19
	1
	9
	19
	11
	1
	9
	9
	18
	24
	24
	17
	24
	18
	24
	24
	1
	24
	24
	1
	1
	1
	23
	17
	1
	1
	24
	1
	24
	1
	1
	24
	24
	18
	24
	24
	0
	24
	24
	4
	24
	16
	14
	20
	1
	23
	1
	19
	1
	11
	22
	18
	17
	14
	14
	17
	23
	14
	14
	9
	17
	18
	1
	7
	19
	8
	18
	23
	19
	14
	18
	9
	14
	0
	14
	23
	24
	4
	9
	10
	2
	17
	1
	1
	18
	10
	21
	13
	11
	23
	9
	3
	11
	24
	19
	21
	11
	9
	13
	1
	23
	11
	19
	9
	1
	13
	22
	23
	18
	17
	1
	1
	1
	18
	19
	24
	18
	19
	9
	14
	17
	0
	14
	20
	0
	8
	14
	14
	17
	0
	0
	10
	18
	8
	8
	6
	18
	6
	9
	1
	21
	9
	17
	9
	2
	18
	14
	21
	9
	9
	2
	21
	2
	18
	15
	1
	9
	3
