Version identifier: 22.1.0.0 | 2022-03-09 | 1a383f8ce
CPXPARAM_Threads                                 1
CPXPARAM_MIP_Strategy_VariableSelect             3
CPXPARAM_TimeLimit                               599.99996582400001
1 of 1 MIP starts provided solutions.
MIP start 'm1' defined initial solution with objective 8.0000.
Tried aggregator 1 time.
MIP Presolve eliminated 8 rows and 0 columns.
MIP Presolve modified 4 coefficients.
Reduced MIP has 2117 rows, 7500 columns, and 105386 nonzeros.
Reduced MIP has 7500 binaries, 0 generals, 0 SOSs, and 0 indicators.
Presolve time = 0.07 sec. (53.69 ticks)
Probing time = 0.01 sec. (7.90 ticks)
Tried aggregator 1 time.
Detecting symmetries...
Reduced MIP has 2117 rows, 7500 columns, and 105386 nonzeros.
Reduced MIP has 7500 binaries, 0 generals, 0 SOSs, and 0 indicators.
Presolve time = 0.07 sec. (57.89 ticks)
Probing time = 0.01 sec. (7.90 ticks)
Clique table members: 897.
MIP emphasis: balance optimality and feasibility.
MIP search method: dynamic search.
Parallel mode: none, using 1 thread.
Root relaxation solution time = 1.29 sec. (1444.30 ticks)

        Nodes                                         Cuts/
   Node  Left     Objective  IInf  Best Integer    Best Bound    ItCnt     Gap

*     0+    0                            8.0000     7500.0000              --- 
      0     0      300.0000  1208        8.0000      300.0000     4607     --- 
*     0+    0                          205.0000      300.0000            46.34%
*     0+    0                          285.0000      300.0000             5.26%
      0     0        cutoff            285.0000      300.0000     4607    5.26%
Detecting symmetries...
      0     2      300.0000   139      285.0000      300.0000     4607    5.26%
Elapsed time = 13.14 sec. (15441.36 ticks, tree = 0.01 MB, solutions = 3)
      1     3      300.0000   245      285.0000      300.0000    10753    5.26%
      2     4      300.0000   267      285.0000      300.0000    13720    5.26%
      3     5      300.0000   377      285.0000      300.0000    17373    5.26%
      4     6      300.0000   312      285.0000      300.0000    19033    5.26%
      5     7      300.0000   332      285.0000      300.0000    20104    5.26%
      6     8      300.0000   919      285.0000      300.0000    26766    5.26%
      7     9      300.0000   324      285.0000      300.0000    32634    5.26%
      8    10      300.0000   348      285.0000      300.0000    36920    5.26%
      9    11      300.0000   325      285.0000      300.0000    36921    5.26%
     10    12      300.0000   408      285.0000      300.0000    42445    5.26%
Elapsed time = 26.49 sec. (29962.38 ticks, tree = 0.11 MB, solutions = 3)
     12    14      300.0000   511      285.0000      300.0000    46552    5.26%
     14    16      300.0000   944      285.0000      300.0000    52436    5.26%
     16    18      300.0000   331      285.0000      300.0000    56133    5.26%
     19    21      300.0000   417      285.0000      300.0000    61418    5.26%
     20    22      300.0000   290      285.0000      300.0000    69625    5.26%
     22    24      300.0000   295      285.0000      300.0000    72078    5.26%
     23    25      300.0000   363      285.0000      300.0000    76175    5.26%
     25    27      300.0000   294      285.0000      300.0000    81742    5.26%
     27    29      300.0000   323      285.0000      300.0000    85470    5.26%
     29    31      300.0000   273      285.0000      300.0000    96947    5.26%
Elapsed time = 45.76 sec. (50112.02 ticks, tree = 0.46 MB, solutions = 3)
     31    33      300.0000   488      285.0000      300.0000   102868    5.26%
     32    34      300.0000   242      285.0000      300.0000   108733    5.26%
     34    36      300.0000   569      285.0000      300.0000   111592    5.26%
     35    37      300.0000   460      285.0000      300.0000   116343    5.26%
     38    40      300.0000   201      285.0000      300.0000   116856    5.26%
     39    41      300.0000   360      285.0000      300.0000   125198    5.26%
     42    44      300.0000   171      285.0000      300.0000   127194    5.26%
     44    46      300.0000   122      285.0000      300.0000   128851    5.26%
     46    48      300.0000   138      285.0000      300.0000   132447    5.26%
     47    49      300.0000    69      285.0000      300.0000   134981    5.26%
Elapsed time = 60.44 sec. (66152.14 ticks, tree = 0.78 MB, solutions = 3)
     48    50      300.0000    76      285.0000      300.0000   137155    5.26%
     50    52      300.0000    38      285.0000      300.0000   137930    5.26%
*    52     1      integral     0      300.0000      300.0000   141265    0.00%
     52     0      300.0000     0      300.0000      300.0000   141265    0.00%

Root node processing (before b&c):
  Real time             =   13.08 sec. (15369.25 ticks)
Sequential b&c:
  Real time             =   50.66 sec. (54305.94 ticks)
                          ------------
Total (root+branch&cut) =   63.74 sec. (69675.20 ticks)
Primal:	300
Dual:	300
Status:	Optimal
Time:	63.8
Sequence:
	2
	24
	11
	0
	1
	13
	11
	24
	1
	0
	15
	9
	2
	18
	16
	13
	19
	12
	11
	12
	1
	24
	16
	18
	3
	16
	18
	20
	14
	0
	20
	7
	2
	7
	4
	13
	19
	13
	5
	12
	2
	18
	16
	24
	2
	0
	11
	13
	21
	0
	16
	24
	1
	18
	15
	0
	6
	11
	18
	15
	13
	1
	7
	8
	12
	2
	12
	7
	11
	6
	12
	20
	7
	2
	24
	15
	12
	23
	9
	18
	20
	6
	20
	9
	11
	6
	15
	0
	24
	17
	0
	15
	0
	21
	24
	16
	0
	2
	18
	11
	13
	22
	13
	10
	7
	23
	0
	4
	9
	10
	3
	4
	13
	18
	21
	12
	20
	0
	21
	24
	4
	12
	3
	10
	7
	15
	6
	16
	9
	5
	6
	20
	13
	11
	14
	16
	13
	20
	14
	11
	12
	20
	6
	11
	24
	0
	15
	6
	11
	7
	16
	3
	16
	18
	24
	1
	13
	16
	18
	2
	24
	20
	12
	2
	7
	8
	12
	1
	13
	18
	11
	6
	20
	12
	24
	2
	24
	15
	13
	10
	6
	8
	13
	4
	6
	8
	7
	15
	13
	23
	9
	11
	0
	1
	13
	18
	10
	3
	4
	0
	8
	6
	5
	13
	16
	9
	22
	9
	15
	0
	21
	0
	11
	0
	1
	9
	16
	9
	23
	13
	11
	0
	2
	18
	15
	18
	2
	0
	8
	12
	2
	18
	15
	18
	1
	13
	9
	15
	3
	10
	0
	8
	3
	15
	9
	4
	6
	8
	0
	11
	3
	15
	9
	0
	21
	12
	16
	9
	22
	7
	15
	13
	14
	16
	24
	15
	6
	11
	12
	8
	3
	15
	9
	16
	24
	2
	12
	8
	12
	19
	13
	15
	9
	23
	18
	4
	13
	2
	18
	11
	0
	2
	0
	24
	11
	6
	4
	13
	11
	14
