Version identifier: 22.1.0.0 | 2022-03-09 | 1a383f8ce
CPXPARAM_Threads                                 1
CPXPARAM_MIP_Strategy_VariableSelect             3
CPXPARAM_TimeLimit                               600
Tried aggregator 1 time.
Reduced MIP has 1825 rows, 10500 columns, and 83711 nonzeros.
Reduced MIP has 8400 binaries, 2100 generals, 0 SOSs, and 0 indicators.
Presolve time = 0.05 sec. (32.61 ticks)
Tried aggregator 1 time.
Detecting symmetries...
Reduced MIP has 1825 rows, 10500 columns, and 83711 nonzeros.
Reduced MIP has 8400 binaries, 2100 generals, 0 SOSs, and 0 indicators.
Presolve time = 0.06 sec. (48.30 ticks)
Probing time = 0.01 sec. (8.70 ticks)
Clique table members: 301.
MIP emphasis: balance optimality and feasibility.
MIP search method: dynamic search.
Parallel mode: none, using 1 thread.
Root relaxation solution time = 1.65 sec. (1810.66 ticks)

        Nodes                                         Cuts/
   Node  Left     Objective  IInf  Best Integer    Best Bound    ItCnt     Gap

      0     0        0.0000  1390                      0.0000     5115         
Detecting symmetries...
      0     2        0.0000   591                      0.0000     5115         
Elapsed time = 22.39 sec. (24143.09 ticks, tree = 0.01 MB, solutions = 0)
      1     3        0.0000  1631                      0.0000    16036         
      2     4        0.0000  1141                      0.0000    22766         
      3     5        0.0000  1148                      0.0000    29816         
      4     6        0.0000  1197                      0.0000    29875         
      5     7        0.0000  1129                      0.0000    34020         
      6     8        0.0000  1079                      0.0000    46745         
      7     9        0.0000   783                      0.0000    57987         
      8    10        0.0000   803                      0.0000    64196         
      9    11        0.0000   818                      0.0000    71017         
     10    12        0.0000   888                      0.0000    76245         
Elapsed time = 49.41 sec. (54265.41 ticks, tree = 0.12 MB, solutions = 0)
     12    14       -0.0000   900                      0.0000    80551         
     14    16        0.0000   832                      0.0000    85915         
     15    17       -0.0000   966                      0.0000    89938         
     16    18        0.0000   828                      0.0000    95493         
     17    19        0.0000   826                      0.0000   101590         
     19    21        0.0000   757                      0.0000   104961         
     20    22       -0.0000   730                      0.0000   111661         
     21    23       -0.0000   700                      0.0000   115613         
     23    25       -0.0000   679                      0.0000   118269         
     24    26        0.0000   665                      0.0000   120012         
Elapsed time = 73.64 sec. (80524.62 ticks, tree = 0.34 MB, solutions = 0)
     26    28       -0.0000   632                      0.0000   123130         
     27    29        0.0000   565                      0.0000   126442         
     29    31        0.0000   594                      0.0000   128932         
     30    32        0.0000   542                      0.0000   130569         
     31    33        0.0000   561                      0.0000   133885         
     32    34        0.0000   556                      0.0000   139704         
     34    36       -0.0000   500                      0.0000   141757         
     35    37        0.0000   565                      0.0000   143657         
     36    38       -0.0000   515                      0.0000   145699         
     38    40       -0.0000   660                      0.0000   150606         
Elapsed time = 99.11 sec. (107106.09 ticks, tree = 0.56 MB, solutions = 0)
     39    41        0.0000   555                      0.0000   153948         
     40    42       -0.0000   534                      0.0000   156807         
     41    43       -0.0000   505                      0.0000   158743         
     42    44        0.0000   452                      0.0000   162257         
     44    46        0.0000   456                      0.0000   164773         
     46    48        0.0000   473                      0.0000   166183         
     48    50        0.0000   388                      0.0000   172688         
     49    51       -0.0000   422                      0.0000   176793         
     51    53       -0.0000   445                      0.0000   179213         
     52    54       -0.0000   405                      0.0000   181752         
Elapsed time = 116.73 sec. (125620.71 ticks, tree = 0.76 MB, solutions = 0)
     53    55        0.0000   403                      0.0000   183170         
     55    57        0.0000   487                      0.0000   184413         
     56    58       -0.0000   384                      0.0000   186346         
     58    60        1.0000   487                      0.0000   199663         
     59    61       -0.0000   474                      0.0000   204405         
     60    62        0.0000   621                      0.0000   209872         
     62    64       -0.0000   626                      0.0000   215056         
     64    66        0.0000   664                      0.0000   219553         
     66    68        3.2222   677                      0.0000   228871         
     67    69        0.0000   273                      0.0000   233367         
Elapsed time = 144.73 sec. (153871.68 ticks, tree = 0.95 MB, solutions = 0)
     69    69    infeasible                            0.0000   245271         
     70    70        0.0000   279                      0.0000   246822         
     71    71        0.0000   628                      0.0000   250380         
     72    72       -0.0000   476                      0.0000   254822         
     73    73       -0.0000   393                      0.0000   257159         
     75    75       -0.0000   419                      0.0000   260668         
     77    77        0.0000   462                      0.0000   264215         
     79    79       -0.0000   404                      0.0000   268018         
     81    81       -0.0000   452                      0.0000   272299         
     83    83       -0.0000   389                      0.0000   276372         
Elapsed time = 164.55 sec. (174817.93 ticks, tree = 1.17 MB, solutions = 0)
     85    85       -0.0000   425                      0.0000   281501         
     86    86       -0.0000   413                      0.0000   286539         
     88    88        0.0000   429                      0.0000   287855         
     90    90        0.0000   474                      0.0000   293333         
     92    92        0.0000   470                      0.0000   296487         
     94    94        0.0000   352                      0.0000   299457         
     96    96       -0.0000   352                      0.0000   299964         
     97    97       -0.0000   351                      0.0000   305145         
     98    98        0.0000   385                      0.0000   308176         
     99    99        0.0000   409                      0.0000   309821         
Elapsed time = 181.63 sec. (192782.84 ticks, tree = 1.46 MB, solutions = 0)
    101   101        2.6667   503                      0.0000   315988         
    102   102        0.0000   461                      0.0000   318299         
    103   103        0.0000   293                      0.0000   321951         
    105   105       -0.0000   368                      0.0000   323001         
    106   106        0.0000   299                      0.0000   325339         
    108   108        0.0000   363                      0.0000   328475         
    110   110       -0.0000   303                      0.0000   331213         
    111   111       -0.0000   273                      0.0000   334047         
    112   112        0.0000   260                      0.0000   336093         
    114   114        0.0000   430                      0.0000   341786         
Elapsed time = 197.62 sec. (209276.62 ticks, tree = 1.73 MB, solutions = 0)
    116   116        0.0000   268                      0.0000   343325         
    117   117       -0.0000   462                      0.0000   346891         
    118   118       -0.0000   245                      0.0000   349037         
    120   120        1.0000   478                      0.0000   357894         
    122   122       -0.0000   246                      0.0000   359823         
    124   124       -0.0000   259                      0.0000   361445         
    125   125       -0.0000   278                      0.0000   363257         
    126   126        0.0000   492                      0.0000   366882         
    129   129       -0.0000   285                      0.0000   368208         
    130   130        0.0000   248                      0.0000   370733         
Elapsed time = 212.60 sec. (224850.46 ticks, tree = 2.02 MB, solutions = 0)
    132   132        0.0000   305                      0.0000   373168         
    134   134        0.0000   231                      0.0000   374318         
    136   136        0.0000   231                      0.0000   375598         
    138   138       -0.0000   275                      0.0000   378181         
    140   140       -0.0000   256                      0.0000   380189         
    141   141        0.0000   293                      0.0000   382626         
    143   143        0.0000   263                      0.0000   383604         
    145   145        0.0000   275                      0.0000   385808         
    146   146       -0.0000   308                      0.0000   388350         
    152   152       -0.0000   259                      0.0000   394696         
Elapsed time = 233.42 sec. (246014.43 ticks, tree = 2.41 MB, solutions = 0)
    158   158        0.0000   199                      0.0000   399980         
    160   160       -0.0000   111                      0.0000   400147         
    167   167        0.0000   117                      0.0000   405294         
    172   172        0.0000    77                      0.0000   412355         
    177   177        0.0000   561                      0.0000   420335         
*   180     0      integral     0        0.0000        0.0000   422012    0.00%

Root node processing (before b&c):
  Real time             =   22.34 sec. (24087.92 ticks)
Sequential b&c:
  Real time             =  231.88 sec. (243388.26 ticks)
                          ------------
Total (root+branch&cut) =  254.22 sec. (267476.18 ticks)
Violation-free sequence bound:	300
Unscheduled:	0
Status:	Optimal
Time:	254.24
Sequence:
	4
	10
	8
	7
	13
	0
	19
	7
	13
	0
	19
	7
	13
	0
	24
	20
	13
	18
	14
	5
	15
	9
	22
	23
	1
	9
	11
	20
	1
	3
	22
	20
	16
	13
	5
	14
	18
	1
	5
	24
	0
	13
	23
	8
	0
	15
	5
	8
	17
	4
	5
	14
	3
	1
	5
	24
	0
	13
	7
	22
	9
	2
	21
	22
	3
	12
	21
	11
	9
	12
	7
	8
	0
	4
	21
	14
	18
	13
	21
	11
	10
	13
	7
	22
	10
	13
	7
	22
	0
	15
	21
	22
	3
	12
	21
	11
	9
	12
	7
	22
	9
	15
	5
	19
	3
	13
	20
	19
	3
	13
	20
	24
	9
	6
	7
	19
	9
	6
	7
	14
	0
	13
	23
	8
	17
	4
	20
	8
	16
	6
	20
	8
	3
	12
	5
	14
	3
	12
	5
	14
	9
	4
	21
	19
	3
	0
	14
	23
	13
	5
	15
	5
	13
	23
	13
	21
	4
	20
	13
	7
	6
	20
	13
	7
	6
	21
	3
	19
	0
	14
	3
	19
	9
	19
	3
	19
	9
	14
	18
	20
	13
	7
	6
	20
	8
	16
	6
	20
	8
	16
	6
	21
	11
	17
	22
	16
	8
	10
	8
	9
	19
	18
	14
	9
	19
	18
	8
	17
	22
	16
	8
	9
	24
	0
	22
	16
	8
	10
	11
	17
	8
	16
	22
	0
	24
	17
	22
	18
	14
	17
	11
	0
	14
	16
	22
	0
	24
	17
	22
	18
	14
	17
	11
	0
	14
	16
	22
	0
	24
	17
	22
	3
	19
	9
	22
	16
	19
	9
	11
	17
	22
	16
	5
	1
	5
	15
	5
	13
	7
	6
	21
	4
	21
	6
	7
	6
	21
	4
	21
	6
	7
	13
	20
	13
	23
	13
	5
	15
	20
	8
	18
	1
	5
	8
	10
	15
	5
	8
	16
	12
Violation-free sequence:
	4
	10
	8
	7
	13
	0
	19
	7
	13
	0
	19
	7
	13
	0
	24
	20
	13
	18
	14
	5
	15
	9
	22
	23
	1
	9
	11
	20
	1
	3
	22
	20
	16
	13
	5
	14
	18
	1
	5
	24
	0
	13
	23
	8
	0
	15
	5
	8
	17
	4
	5
	14
	3
	1
	5
	24
	0
	13
	7
	22
	9
	2
	21
	22
	3
	12
	21
	11
	9
	12
	7
	8
	0
	4
	21
	14
	18
	13
	21
	11
	10
	13
	7
	22
	10
	13
	7
	22
	0
	15
	21
	22
	3
	12
	21
	11
	9
	12
	7
	22
	9
	15
	5
	19
	3
	13
	20
	19
	3
	13
	20
	24
	9
	6
	7
	19
	9
	6
	7
	14
	0
	13
	23
	8
	17
	4
	20
	8
	16
	6
	20
	8
	3
	12
	5
	14
	3
	12
	5
	14
	9
	4
	21
	19
	3
	0
	14
	23
	13
	5
	15
	5
	13
	23
	13
	21
	4
	20
	13
	7
	6
	20
	13
	7
	6
	21
	3
	19
	0
	14
	3
	19
	9
	19
	3
	19
	9
	14
	18
	20
	13
	7
	6
	20
	8
	16
	6
	20
	8
	16
	6
	21
	11
	17
	22
	16
	8
	10
	8
	9
	19
	18
	14
	9
	19
	18
	8
	17
	22
	16
	8
	9
	24
	0
	22
	16
	8
	10
	11
	17
	8
	16
	22
	0
	24
	17
	22
	18
	14
	17
	11
	0
	14
	16
	22
	0
	24
	17
	22
	18
	14
	17
	11
	0
	14
	16
	22
	0
	24
	17
	22
	3
	19
	9
	22
	16
	19
	9
	11
	17
	22
	16
	5
	1
	5
	15
	5
	13
	7
	6
	21
	4
	21
	6
	7
	6
	21
	4
	21
	6
	7
	13
	20
	13
	23
	13
	5
	15
	20
	8
	18
	1
	5
	8
	10
	15
	5
	8
	16
	12
