Version identifier: 22.1.0.0 | 2022-03-09 | 1a383f8ce
CPXPARAM_Threads                                 1
CPXPARAM_MIP_Strategy_VariableSelect             3
CPXPARAM_TimeLimit                               600
Tried aggregator 1 time.
Reduced MIP has 1825 rows, 10500 columns, and 85778 nonzeros.
Reduced MIP has 9000 binaries, 1500 generals, 0 SOSs, and 0 indicators.
Presolve time = 0.05 sec. (33.57 ticks)
Tried aggregator 1 time.
Detecting symmetries...
Reduced MIP has 1825 rows, 10500 columns, and 85778 nonzeros.
Reduced MIP has 9000 binaries, 1500 generals, 0 SOSs, and 0 indicators.
Presolve time = 0.06 sec. (49.20 ticks)
Probing time = 0.01 sec. (8.86 ticks)
Clique table members: 302.
MIP emphasis: balance optimality and feasibility.
MIP search method: dynamic search.
Parallel mode: none, using 1 thread.
Root relaxation solution time = 1.47 sec. (1532.39 ticks)

        Nodes                                         Cuts/
   Node  Left     Objective  IInf  Best Integer    Best Bound    ItCnt     Gap

      0     0        0.0000  1666                      0.0000     5182         
Detecting symmetries...
      0     2        0.0000   234                      0.0000     5182         
Elapsed time = 16.15 sec. (17460.36 ticks, tree = 0.01 MB, solutions = 0)
      1     3        0.0000   227                      0.0000    14072         
      2     4        0.0000  1374                      0.0000    20331         
      3     5        0.0000   248                      0.0000    21298         
      4     6        0.0000   241                      0.0000    21963         
      5     7        0.0000   235                      0.0000    24328         
      6     8        0.0000   254                      0.0000    29460         
      7     9        0.0000   304                      0.0000    32467         
      8    10        0.0000  1318                      0.0000    37556         
      9    11        0.0000   251                      0.0000    37559         
     10    12        0.0000  1263                      0.0000    41769         
Elapsed time = 30.42 sec. (32288.09 ticks, tree = 0.11 MB, solutions = 0)
     12    14        0.0000   235                      0.0000    47820         
     14    16        0.0000  1273                      0.0000    52313         
     15    17        0.0000   211                      0.0000    56298         
     17    19        0.0000   173                      0.0000    58697         
     18    20        0.0000   136                      0.0000    68186         
     19    21        0.0000  1232                      0.0000    74266         
     21    21        0.0000  1273                      0.0000    88330         
     22    22        0.0000  1124                      0.0000   103471         
     23    23        0.0000   665                      0.0000   118773         
     24    24       -0.0000  1097                      0.0000   123127         
Elapsed time = 57.13 sec. (59842.21 ticks, tree = 0.24 MB, solutions = 0)
     25    25       -0.0000  1080                      0.0000   134764         
     27    27        0.0000  1162                      0.0000   139900         
     28    28       -0.0000  1043                      0.0000   144303         
     30    30       -0.0000   952                      0.0000   147992         
     31    31        0.0000   946                      0.0000   152603         
     32    32       -0.0000   960                      0.0000   153940         
     33    33        0.0000   912                      0.0000   158217         
     35    35        0.0000   915                      0.0000   158371         
     36    36        0.0000   739                      0.0000   161443         
     38    38        0.0000   704                      0.0000   164221         
Elapsed time = 75.83 sec. (78791.94 ticks, tree = 0.43 MB, solutions = 0)
     39    39        0.0000   691                      0.0000   166113         
     41    41       -0.0000   706                      0.0000   169495         
     42    42        0.0000   615                      0.0000   171893         
     44    44        0.0000   637                      0.0000   173869         
     46    46       -0.0000   606                      0.0000   176314         
     48    48        0.0000   642                      0.0000   177719         
     49    49       -0.0000   584                      0.0000   180074         
     50    50        0.0000   600                      0.0000   180235         
     51    51        0.0000   485                      0.0000   183404         
     53    53       -0.0000   430                      0.0000   187208         
Elapsed time = 101.75 sec. (103467.61 ticks, tree = 0.70 MB, solutions = 0)
     55    55       -0.0000   477                      0.0000   192047         
     56    56       -0.0000   418                      0.0000   195183         
     58    58        0.0625   749                      0.0000   203707         
     59    59        0.0000   413                      0.0000   209233         
     60    60       -0.0000   324                      0.0000   214120         
     61    61       -0.0000   598                      0.0000   219122         
     62    62        0.1250   641                      0.0000   227305         
     64    64       -0.0000   549                      0.0000   232107         
     65    65        0.0000   535                      0.0000   233955         
     67    67        0.1250   775                      0.0000   241012         
Elapsed time = 123.38 sec. (125316.73 ticks, tree = 0.86 MB, solutions = 0)
     68    68       -0.0000   389                      0.0000   246800         
     69    69       -0.0000   372                      0.0000   250511         
     70    70        0.1250   627                      0.0000   257829         
     71    71        0.0000   434                      0.0000   262016         
     73    73        0.0000   362                      0.0000   265672         
     74    74        0.0000   437                      0.0000   268192         
     75    75       -0.0000   294                      0.0000   270767         
     77    77       -0.0000   323                      0.0000   272555         
     79    79       -0.0000   311                      0.0000   275290         
     80    80       -0.0000   329                      0.0000   275475         
Elapsed time = 139.56 sec. (141606.52 ticks, tree = 0.97 MB, solutions = 0)
     81    81        1.0000   551                      0.0000   285221         
     82    82       -0.0000   367                      0.0000   288366         
     83    83        0.3750   620                      0.0000   296407         
     84    84       -0.0000   246                      0.0000   299972         
     86    86        0.1875   896                      0.0000   307246         
     88    88        0.0000   289                      0.0000   311022         
     91    91        1.0000   478                      0.0000   321213         
     93    93        0.0625   652                      0.0000   327145         
     94    94       -0.0000   342                      0.0000   333711         
     95    95       -0.0000   383                      0.0000   339224         
Elapsed time = 161.70 sec. (163739.62 ticks, tree = 1.14 MB, solutions = 0)
     97    97       -0.0000   346                      0.0000   344394         
     98    98        0.0714   658                      0.0000   348856         
     99    99        0.0000   427                      0.0000   354161         
    100   100       -0.0000   386                      0.0000   356975         
    102   102        0.0000   374                      0.0000   358729         
    103   103       -0.0000   316                      0.0000   361116         
    105   105        0.2500   754                      0.0000   368330         
    108   108        0.0000   279                      0.0000   372006         
    110   110        0.0714   700                      0.0000   378680         
    111   111        0.3750   722                      0.0000   383061         
Elapsed time = 183.42 sec. (185239.54 ticks, tree = 1.40 MB, solutions = 0)
    112   112        0.0000   350                      0.0000   386789         
    113   113        0.0625   725                      0.0000   392120         
    114   114        0.5000   620                      0.0000   399450         
    115   115        5.5000   299                      0.0000   402817         
    118   118        1.0000   677                      0.0000   406114         
    119   119        1.0000   768                      0.0000   409773         
    120   120        1.0000   708                      0.0000   413600         
    122   122        1.0000   648                      0.0000   415885         
    123   123        1.0000   693                      0.0000   419023         
    124   124        1.0000   672                      0.0000   423940         
Elapsed time = 201.97 sec. (203801.75 ticks, tree = 1.49 MB, solutions = 0)
    125   125        1.0000   565                      0.0000   427712         
    127   127        1.0000   562                      0.0000   430533         
    128   128        1.0000   536                      0.0000   433703         
    130   130        1.0000   565                      0.0000   435644         
    131   131        1.0000   494                      0.0000   437921         
    133   133        1.5000   313                      0.0000   444158         
    134   134        2.0000   268                      0.0000   450504         
    135   135        2.0000   264                      0.0000   453444         
    136   136        2.0000    36                      0.0000   456974         
*   137   125      integral     0        2.0000        0.0000   456975  100.00%
Elapsed time = 215.05 sec. (217133.53 ticks, tree = 1.57 MB, solutions = 1)
    143   129        1.0000   726        2.0000        0.0000   464379  100.00%
    152   138        1.0000   606        2.0000        0.0000   470287  100.00%
    162   148        1.0000   415        2.0000        0.0000   476740  100.00%
    172   154        1.0000   318        2.0000        0.0000   485211  100.00%
    182   160        1.0000   316        2.0000        0.0000   494659  100.00%
    193   164    infeasible              2.0000        0.0000   506008  100.00%
    199   166       -0.0000   346        2.0000        0.0000   518461  100.00%
    206   171        1.0000   566        2.0000        0.0000   528006  100.00%
    215   178        1.0000   724        2.0000        0.0000   534847  100.00%
    222   185        1.0000   543        2.0000        0.0000   542387  100.00%
Elapsed time = 255.74 sec. (257083.16 ticks, tree = 2.65 MB, solutions = 1)
    231   192        1.0000   523        2.0000        0.0000   548958  100.00%
    238   199        1.0000   536        2.0000        0.0000   556512  100.00%
    246   207        1.0000   479        2.0000        0.0000   560170  100.00%
    254   213        cutoff              2.0000        0.0000   569426  100.00%
    261   218        cutoff              2.0000        0.0000   576487  100.00%
    267   221        1.0000   717        2.0000        0.0000   587283  100.00%
    274   226        1.0000   641        2.0000        0.0000   594797  100.00%
    281   231        1.0000   519        2.0000        0.0000   604287  100.00%
    290   240        1.0000   366        2.0000        0.0000   610844  100.00%
    298   246        1.0000   410        2.0000        0.0000   619469  100.00%
Elapsed time = 297.42 sec. (297963.89 ticks, tree = 3.77 MB, solutions = 1)
    311   259        1.0000   342        2.0000        0.0000   623704  100.00%
    322   270        1.0000   299        2.0000        0.0000   628884  100.00%
    333   275        cutoff              2.0000        0.0000   639553  100.00%
    343   281        0.0000   278        2.0000        0.0000   648947  100.00%
    350   288        0.0000   313        2.0000        0.0000   656799  100.00%
    357   293        1.0000   635        2.0000        0.0000   664853  100.00%
    367   303        1.0000   590        2.0000        0.0000   668439  100.00%
    378   314        1.0000   580        2.0000        0.0000   672004  100.00%
    388   324        1.0000   385        2.0000        0.0000   678741  100.00%
    400   336        1.0000   395        2.0000        0.0000   682220  100.00%
Elapsed time = 338.18 sec. (337928.31 ticks, tree = 5.43 MB, solutions = 1)
    414   348        1.0000   307        2.0000        0.0000   689917  100.00%
    425   359        1.0000   324        2.0000        0.0000   695089  100.00%
    436   366        1.0000   309        2.0000        0.0000   704026  100.00%
    447   373        0.0000   450        2.0000        0.0000   713042  100.00%
    451   377        0.0714   670        2.0000        0.0000   723803  100.00%
    456   381       -0.0000   464        2.0000        0.0000   737740  100.00%
    461   386        0.0000   466        2.0000        0.0000   746776  100.00%
    467   392        0.0000   400        2.0000        0.0000   756143  100.00%
    474   398        0.0000   427        2.0000        0.0000   767755  100.00%
    478   402        0.0625   748        2.0000        0.0000   779106  100.00%
Elapsed time = 380.73 sec. (379632.15 ticks, tree = 6.65 MB, solutions = 1)
    484   408       -0.0000   417        2.0000        0.0000   787627  100.00%
    489   413        0.0000   402        2.0000        0.0000   798823  100.00%
    495   418       -0.0000   489        2.0000        0.0000   808525  100.00%
    503   426       -0.0000   389        2.0000        0.0000   817372  100.00%
    508   429        1.0000   665        2.0000        0.0000   833132  100.00%
    516   435        1.0000   586        2.0000        0.0000   840213  100.00%
    523   438    infeasible              2.0000        0.0000   851288  100.00%
    533   448        1.0000   489        2.0000        0.0000   857237  100.00%
    544   457        1.0000   348        2.0000        0.0000   863563  100.00%
    559   470    infeasible              2.0000        0.0000   869787  100.00%
Elapsed time = 422.10 sec. (420314.74 ticks, tree = 7.90 MB, solutions = 1)
    575   484        1.0000   263        2.0000        0.0000   874870  100.00%
    592   497        1.0000   204        2.0000        0.0000   881720  100.00%
    610   507        1.0000   264        2.0000        0.0000   888773  100.00%
    632   519        1.0000   189        2.0000        0.0000   895625  100.00%
    649   527       -0.0000   462        2.0000        0.0000   903349  100.00%
    658   536        0.0000   399        2.0000        0.0000   910618  100.00%
    665   541        1.0000   724        2.0000        0.0000   918615  100.00%
    675   551        1.0000   646        2.0000        0.0000   922770  100.00%
    683   559        1.0000   590        2.0000        0.0000   928028  100.00%
    694   568        1.0000   440        2.0000        0.0000   933476  100.00%
Elapsed time = 463.61 sec. (459884.62 ticks, tree = 9.73 MB, solutions = 1)
    705   577        1.0000   308        2.0000        0.0000   940410  100.00%
    714   586        1.0000   344        2.0000        0.0000   947531  100.00%
    725   595        1.0000   288        2.0000        0.0000   954454  100.00%
    740   604        1.0000   286        2.0000        0.0000   962114  100.00%
    758   614        1.0000   172        2.0000        0.0000   971086  100.00%
    773   621        0.0714   697        2.0000        0.0000   982689  100.00%
    782   628        1.0000   501        2.0000        0.0000   989483  100.00%
    794   640        1.0000   474        2.0000        0.0000   993934  100.00%
    803   647        cutoff              2.0000        0.0000  1003098  100.00%
    814   658        1.0000   513        2.0000        0.0000  1007230  100.00%
Elapsed time = 505.37 sec. (500110.39 ticks, tree = 11.39 MB, solutions = 1)
    822   664        1.0000   368        2.0000        0.0000  1016840  100.00%
    829   671        1.0000   393        2.0000        0.0000  1024892  100.00%
    837   673        0.0000   462        2.0000        0.0000  1036454  100.00%
    845   679        1.0000   660        2.0000        0.0000  1043965  100.00%
    853   687        1.0000   462        2.0000        0.0000  1051940  100.00%
    865   699        1.0000   246        2.0000        0.0000  1056944  100.00%
    878   710        1.0000   322        2.0000        0.0000  1063590  100.00%
    897   724        1.0000   293        2.0000        0.0000  1070360  100.00%
    915   739        1.0000   264        2.0000        0.0000  1076672  100.00%
    931   749        1.0000   156        2.0000        0.0000  1084796  100.00%
Elapsed time = 546.17 sec. (539579.15 ticks, tree = 13.07 MB, solutions = 1)
    950   762        1.0000   221        2.0000        0.0000  1092932  100.00%
    963   773        1.0000   220        2.0000        0.0000  1099431  100.00%
    977   781        0.0000   387        2.0000        0.0000  1106025  100.00%
    985   787        1.0000   742        2.0000        0.0000  1116454  100.00%
    994   796        1.0000   419        2.0000        0.0000  1122808  100.00%
Starting limited solution polishing.
   1005   805        1.0000   433        2.0000        0.0000  1130762  100.00%
   1025   822        1.0000   391        2.0000        0.0000  1134282  100.00%
   1036   828        1.0000   735        2.0000        0.0000  1140627  100.00%
   1043   835        1.0000   515        2.0000        0.0000  1147773  100.00%
   1049   841        0.0625   686        2.0000        0.0000  1157544  100.00%
Elapsed time = 588.25 sec. (579315.29 ticks, tree = 14.80 MB, solutions = 1)
   1051   843       -0.0000   423        2.0000        0.0000  1162606  100.00%

Root node processing (before b&c):
  Real time             =   16.08 sec. (17384.73 ticks)
Sequential b&c:
  Real time             =  583.93 sec. (572281.08 ticks)
                          ------------
Total (root+branch&cut) =  600.01 sec. (589665.81 ticks)
Violation-free sequence bound:	299
Unscheduled:	1
Status:	Feasible
Time:	600.04
Sequence:
	10
	17
	15
	0
	15
	17
	11
	0
	15
	6
	11
	19
	0
	23
	0
	10
	9
	23
	0
	16
	9
	17
	16
	13
	15
	17
	24
	21
	12
	3
	24
	15
	13
	20
	0
	11
	0
	3
	24
	16
	19
	23
	0
	10
	13
	22
	24
	2
	9
	3
	0
	11
	0
	10
	13
	22
	7
	15
	9
	23
	13
	19
	21
	7
	15
	4
	5
	0
	11
	6
	15
	19
	16
	1
	15
	13
	5
	6
	8
	0
	2
	1
	2
	19
	21
	4
	5
	0
	11
	6
	15
	9
	16
	17
	15
	13
	10
	6
	8
	12
	21
	17
	2
	9
	2
	6
	8
	12
	10
	4
	2
	19
	15
	17
	16
	13
	8
	14
	11
	12
	16
	1
	21
	19
	0
	23
	19
	2
	24
	13
	22
	24
	16
	9
	3
	12
	24
	15
	1
	21
	13
	24
	22
	7
	15
	12
	23
	7
	10
	13
	2
	14
	11
	19
	15
	6
	21
	9
	11
	13
	3
	0
	11
	7
	3
	13
	21
	24
	8
	13
	15
	4
	5
	7
	15
	6
	16
	24
	24
	3
	0
	15
	9
	23
	9
	15
	13
	22
	19
	9
	16
	6
	21
	7
	8
	6
	15
	0
	10
	24
	22
	13
	0
	8
	17
	15
	12
	21
	17
	9
	21
	12
	3
	9
	5
	13
	3
	0
	11
	24
	3
	0
	15
	24
	5
	14
	21
	0
	5
	4
	10
	0
	15
	1
	21
	24
	2
	4
	10
	0
	24
	14
	2
	9
	16
	9
	16
	6
	8
	12
	9
	16
	14
	8
	0
	7
	4
	15
	7
	2
	4
	19
	15
	9
	23
	12
	19
	21
	7
	15
	6
	10
	13
	5
	4
	16
	19
	15
	17
	0
	15
	19
	3
	24
	15
	0
	3
	24
	24
	16
	6
	15
	24
	11
	6
	2
	13
	10
	1
	18
Violation-free sequence:
	10
	17
	15
	0
	15
	17
	11
	0
	15
	6
	11
	19
	0
	23
	0
	10
	9
	23
	0
	16
	9
	17
	16
	13
	15
	17
	24
	21
	12
	3
	24
	15
	13
	20
	0
	11
	0
	3
	24
	16
	19
	23
	0
	10
	13
	22
	24
	2
	9
	3
	0
	11
	0
	10
	13
	22
	7
	15
	9
	23
	13
	19
	21
	7
	15
	4
	5
	0
	11
	6
	15
	19
	16
	1
	15
	13
	5
	6
	8
	0
	2
	1
	2
	19
	21
	4
	5
	0
	11
	6
	15
	9
	16
	17
	15
	13
	10
	6
	8
	12
	21
	17
	2
	9
	2
	6
	8
	12
	10
	4
	2
	19
	15
	17
	16
	13
	8
	14
	11
	12
	16
	1
	21
	19
	0
	23
	19
	2
	24
	13
	22
	24
	16
	9
	3
	12
	24
	15
	1
	21
	13
	24
	22
	7
	15
	12
	23
	7
	10
	13
	2
	14
	11
	19
	15
	6
	21
	9
	11
	13
	3
	0
	11
	7
	3
	13
	21
	24
	8
	13
	15
	4
	5
	7
	15
	6
	16
	24
	24
	3
	0
	15
	9
	23
	9
	15
	13
	22
	19
	9
	16
	6
	21
	7
	8
	6
	15
	0
	10
	24
	22
	13
	0
	8
	17
	15
	12
	21
	17
	9
	21
	12
	3
	9
	5
	13
	3
	0
	11
	24
	3
	0
	15
	24
	5
	14
	21
	0
	5
	4
	10
	0
	15
	1
	21
	24
	2
	4
	10
	0
	24
	14
	2
	9
	16
	9
	16
	6
	8
	12
	9
	16
	14
	8
	0
	7
	4
	15
	7
	2
	4
	19
	15
	9
	23
	12
	19
	21
	7
	15
	6
	10
	13
	5
	4
	16
	19
	15
	17
	0
	15
	19
	3
	24
	15
	0
	3
	24
	24
	16
	6
	15
	24
	11
	6
	2
	13
	10
	1
