Version identifier: 22.1.0.0 | 2022-03-09 | 1a383f8ce
CPXPARAM_Threads                                 1
CPXPARAM_MIP_Strategy_VariableSelect             3
CPXPARAM_TimeLimit                               600
Tried aggregator 1 time.
Reduced MIP has 1825 rows, 10500 columns, and 93851 nonzeros.
Reduced MIP has 8700 binaries, 1800 generals, 0 SOSs, and 0 indicators.
Presolve time = 0.05 sec. (36.42 ticks)
Tried aggregator 1 time.
Detecting symmetries...
Reduced MIP has 1825 rows, 10500 columns, and 93851 nonzeros.
Reduced MIP has 8700 binaries, 1800 generals, 0 SOSs, and 0 indicators.
Presolve time = 0.05 sec. (52.75 ticks)
Probing time = 0.01 sec. (4.60 ticks)
Clique table members: 300.
MIP emphasis: balance optimality and feasibility.
MIP search method: dynamic search.
Parallel mode: none, using 1 thread.
Root relaxation solution time = 2.67 sec. (2930.53 ticks)

        Nodes                                         Cuts/
   Node  Left     Objective  IInf  Best Integer    Best Bound    ItCnt     Gap

      0     0        0.0000  1771                      0.0000     7151         
Detecting symmetries...
      0     2        0.0000   588                      0.0000     7151         
Elapsed time = 30.85 sec. (34282.77 ticks, tree = 0.01 MB, solutions = 0)
      1     3        0.0000   831                      0.0000    16903         
      2     4        0.0000   862                      0.0000    23243         
      3     5       -0.0000   612                      0.0000    29090         
      4     6       -0.0000   614                      0.0000    29377         
      5     7       -0.0000   727                      0.0000    34321         
      7     7       -0.0000   576                      0.0000    38480         
      8     8        0.0000   585                      0.0000    39562         
      9     9        0.0000   544                      0.0000    43005         
     11     9       -0.0000   450                      0.0000    48233         
     13    11        0.0000   404                      0.0000    49137         
Elapsed time = 51.56 sec. (57096.88 ticks, tree = 0.10 MB, solutions = 0)
     14    12        0.0000   319                      0.0000    58192         
     18    12       -0.0000   691                      0.0000    81633         
     20    12       -0.0000   517                      0.0000    98071         
     21    13        0.0000   524                      0.0000   103042         
     22    14        0.0000  1083                      0.0000   119872         
     23    15       -0.0000   500                      0.0000   122344         
     24    16        0.0000   619                      0.0000   126526         
     27    17       -0.0000   601                      0.0000   127096         
     29    19        0.0000   533                      0.0000   132612         
     30    20        0.0000   558                      0.0000   135905         
Elapsed time = 78.92 sec. (86703.75 ticks, tree = 0.24 MB, solutions = 0)
     31    21       -0.0000   537                      0.0000   143546         
     32    22        0.0000   448                      0.0000   151002         
     33    23       -0.0000   443                      0.0000   155665         
     34    24       -0.0000   486                      0.0000   158767         
     35    25        0.0000   475                      0.0000   161542         
     36    26        0.0000   467                      0.0000   163623         
     37    27        0.0000   441                      0.0000   167869         
     39    29       -0.0000   778                      0.0000   176698         
     41    31       -0.0000   432                      0.0000   176780         
     42    32       -0.0000   317                      0.0000   180726         
Elapsed time = 100.13 sec. (110116.36 ticks, tree = 0.35 MB, solutions = 0)
     43    33        0.0000   372                      0.0000   185166         
     44    34        0.0000   399                      0.0000   190360         
     45    35       -0.0000   381                      0.0000   191782         
     46    36       -0.0000   346                      0.0000   198909         
     47    37       -0.0000   349                      0.0000   204556         
     48    38        0.0000   490                      0.0000   210194         
     49    39        0.0000   294                      0.0000   220735         
     50    40        0.0000   289                      0.0000   228278         
     51    41       -0.0000   717                      0.0000   234307         
     52    42       -0.0000  1202                      0.0000   240346         
Elapsed time = 136.54 sec. (149966.83 ticks, tree = 0.47 MB, solutions = 0)
     53    43        0.0000   719                      0.0000   245472         
     54    44        0.0000  1007                      0.0000   251257         
     56    46       -0.0000   629                      0.0000   258069         
     57    47       -0.0000   570                      0.0000   268634         
     59    47        0.0000  1015                      0.0000   287657         
     60    48        0.0000   852                      0.0000   292524         
     61    49       -0.0000   972                      0.0000   297641         
     62    50       -0.0000   745                      0.0000   301012         
     64    52       -0.0000   623                      0.0000   303468         
     66    54        0.0000   628                      0.0000   307974         
Elapsed time = 163.71 sec. (179389.65 ticks, tree = 0.61 MB, solutions = 0)
     67    55       -0.0000   540                      0.0000   311948         
     69    57        0.0000   495                      0.0000   314695         
     70    58       -0.0000   384                      0.0000   317429         
     71    59        0.0000   497                      0.0000   321225         
     72    60        0.0000   423                      0.0000   325920         
     75    61       -0.0000   439                      0.0000   326811         
     76    62       -0.0000   453                      0.0000   329975         
     78    64        0.5000   501                      0.0000   337992         
     80    66       -0.0000   419                      0.0000   342518         
     82    68       -0.0000   405                      0.0000   345063         
Elapsed time = 184.03 sec. (200976.31 ticks, tree = 0.86 MB, solutions = 0)
     83    69        0.0000   395                      0.0000   347989         
     84    70       -0.0000   408                      0.0000   349817         
     85    71        0.0000   446                      0.0000   353133         
     86    72       -0.0000   388                      0.0000   355216         
     88    74       -0.0000   411                      0.0000   357906         
     89    75        0.0000   339                      0.0000   360011         
     91    77       -0.0000   323                      0.0000   362540         
     92    78        0.0000   312                      0.0000   364178         
     95    79       -0.0000   363                      0.0000   365978         
     96    80       -0.0000   309                      0.0000   367666         
Elapsed time = 197.07 sec. (215113.09 ticks, tree = 1.08 MB, solutions = 0)
     98    82        0.2500   438                      0.0000   376271         
    100    84       -0.0000   333                      0.0000   377253         
    102    86       57.0000   240                      0.0000   382419         
    103    87       -0.0000   296                      0.0000   385083         
    105    89       -0.0000   300                      0.0000   389783         
    107    91        0.2500   391                      0.0000   397360         
    109    93       -0.0000   293                      0.0000   401614         
    110    94       -0.0000   264                      0.0000   405191         
    112    96       -0.0000   241                      0.0000   409230         
    114    98        0.0000   300                      0.0000   413354         
Elapsed time = 249.61 sec. (260787.90 ticks, tree = 1.38 MB, solutions = 0)
    115    99        2.0000   386                      0.0000   420656         
    117   101        0.0000   306                      0.0000   425600         
    118   102        0.0000   315                      0.0000   429326         
    119   103        0.3333   460                      0.0000   436473         
    120   104        0.0000   302                      0.0000   437783         
    121   105        0.0000   263                      0.0000   440357         
    122   106        0.0000   332                      0.0000   442764         
    124   108        0.5000   351                      0.0000   452625         
    125   109        0.0000   336                      0.0000   457434         
    127   111        1.0000   376                      0.0000   465862         
Elapsed time = 272.12 sec. (284962.11 ticks, tree = 1.63 MB, solutions = 0)
    130   108        cutoff                            0.0000   488368         
    132   108        0.0000   343                      0.0000   506507         
    134   110        0.3333   379                      0.0000   512065         
    136   112        0.0000   318                      0.0000   514368         
    138   114       -0.0000   314                      0.0000   520665         
    140   116       -0.0000   285                      0.0000   524721         
    142   118        0.0000   279                      0.0000   529054         
    143   119       -0.0000   284                      0.0000   531907         
    146   116        cutoff                            0.0000   535628         
    149   117       -0.0000   356                      0.0000   548918         
Elapsed time = 294.37 sec. (308686.25 ticks, tree = 1.74 MB, solutions = 0)
    153   121        0.0000   341                      0.0000   556691         
    156   124       -0.0000   288                      0.0000   568790         
    160   128       -0.0000   365                      0.0000   576416         
    164   132        0.0000   375                      0.0000   582631         
    169   137        0.0000   375                      0.0000   589256         
    173   141       -0.0000   366                      0.0000   596166         
    178   146        0.0000   372                      0.0000   603594         
    180   148       -0.0000   360                      0.0000   607898         
    184   152       -0.0000   343                      0.0000   615535         
    188   156       -0.0000   328                      0.0000   621279         
Elapsed time = 345.54 sec. (363076.69 ticks, tree = 2.41 MB, solutions = 0)
    193   161       -0.0000   325                      0.0000   628246         
    198   166        0.0000   311                      0.0000   635449         
    203   171        0.0000   357                      0.0000   640398         
    209   177        0.0000   279                      0.0000   646529         
    212   180        0.3333   319                      0.0000   656984         
    214   182       51.6667   362                      0.0000   669031         
    216   182    infeasible                            0.0000   710264         
*   220+  184                       4.86684e+56        0.0000           100.00%
    221   187    16856.0000   389   4.86684e+56        0.0000   714985  100.00%
    228   194    18056.5000   334   4.86684e+56        0.0000   722778  100.00%
    233   199    19257.0000   285   4.86684e+56        0.0000   728603  100.00%
Elapsed time = 400.46 sec. (419996.10 ticks, tree = 3.19 MB, solutions = 1)
    238   204    19257.0000   207   4.86684e+56        0.0000   733986  100.00%
    245   211    19257.0000   206   4.86684e+56        0.0000   740816  100.00%
    249   215    19257.0000   230   4.86684e+56        0.0000   747165  100.00%
    251   217    19257.0000   220   4.86684e+56        0.0000   747705  100.00%
    258   224    19257.0000   237   4.86684e+56        0.0000   753063  100.00%
    264   230    19257.0000   246   4.86684e+56        0.0000   757196  100.00%
    271   237    19257.0000   222   4.86684e+56        0.0000   762383  100.00%
    278   244    19257.0000   159   4.86684e+56        0.0000   768068  100.00%
    282   248    19486.0000   219   4.86684e+56        0.0000   776246  100.00%
*   290+  193                        19208.0000        0.0000           100.00%
    291   193        0.0000   345    19208.0000        0.0000   782726  100.00%
Elapsed time = 442.30 sec. (463466.67 ticks, tree = 3.08 MB, solutions = 2)
    296   198       -0.0000   360    19208.0000        0.0000   788877  100.00%
    299   201        0.0000   359    19208.0000        0.0000   796107  100.00%
    302   204        0.2500   382    19208.0000        0.0000   805932  100.00%
    304   206       51.6667   216    19208.0000        0.0000   815333  100.00%
    306   208    16856.0000   316    19208.0000        0.0000   827424  100.00%
    308   210    17199.0000   241    19208.0000        0.0000   841740  100.00%
    310   212    17199.0000   274    19208.0000        0.0000   845103  100.00%
    316   218    17199.0000   280    19208.0000        0.0000   850475  100.00%
    320   222    17199.0000   136    19208.0000        0.0000   859390  100.00%
    327   229    17199.0000   216    19208.0000        0.0000   864508  100.00%
Elapsed time = 494.93 sec. (518924.41 ticks, tree = 3.74 MB, solutions = 2)
    332   234    17199.0000    94    19208.0000        0.0000   874892  100.00%
    337   239    17199.0000   104    19208.0000        0.0000   881958  100.00%
    344   246    17199.0000   121    19208.0000        0.0000   889281  100.00%
*   346   208      integral     0    17199.0000        0.0000   889886  100.00%
    352   214       -0.0000   354    17199.0000        0.0000   895466  100.00%
    354   216        9.5000   316    17199.0000        0.0000   908094  100.00%
    356   218     1249.5714   431    17199.0000        0.0000   917019  100.00%
    359   221    16856.0000   700    17199.0000        0.0000   928103  100.00%
    366   227    16856.0000   656    17199.0000        0.0000   931039  100.00%
    370   231    16856.0000   572    17199.0000        0.0000   936072  100.00%
Elapsed time = 535.02 sec. (560688.42 ticks, tree = 3.77 MB, solutions = 3)
    376   237    16856.0000   620    17199.0000        0.0000   942794  100.00%
    380   240    16856.0000   629    17199.0000        0.0000   949295  100.00%
    385   245    16856.0000   573    17199.0000        0.0000   954913  100.00%
    393   253    16856.0000   531    17199.0000        0.0000   958817  100.00%
    398   257    16856.0000   477    17199.0000        0.0000   964897  100.00%
Starting limited solution polishing.
    402   261    16856.0000   452    17199.0000        0.0000   971204  100.00%
    406   265    16856.0000   384    17199.0000        0.0000   978512  100.00%
    410   269    16856.0000   371    17199.0000        0.0000   987655  100.00%
    416   274    16856.0000   398    17199.0000        0.0000   993080  100.00%
    423   280    16856.0000   371    17199.0000        0.0000  1001312  100.00%
Elapsed time = 576.85 sec. (604762.29 ticks, tree = 4.70 MB, solutions = 3)
    427   282    infeasible          17199.0000        0.0000  1010477  100.00%
    430   285    16856.0000   399    17199.0000        0.0000  1019943  100.00%
    434   287    16856.0000   377    17199.0000        0.0000  1028925  100.00%
    437   286        0.5000   368    17199.0000        0.0000  1042286  100.00%
    442   291        1.0000   387    17199.0000        0.0000  1048856  100.00%

Root node processing (before b&c):
  Real time             =   30.80 sec. (34246.33 ticks)
Sequential b&c:
  Real time             =  569.20 sec. (595127.66 ticks)
                          ------------
Total (root+branch&cut) =  600.00 sec. (629373.99 ticks)
Violation-free sequence bound:	294
Unscheduled:	6
Status:	Feasible
Time:	600.02
Sequence:
	0
	4
	3
	5
	16
	7
	6
	13
	9
	2
	13
	7
	0
	1
	9
	13
	6
	7
	1
	14
	7
	15
	0
	9
	16
	6
	7
	13
	24
	22
	0
	4
	3
	5
	14
	3
	4
	0
	23
	2
	13
	7
	15
	14
	9
	13
	18
	10
	20
	14
	21
	4
	6
	22
	5
	0
	3
	18
	2
	22
	4
	0
	3
	5
	14
	21
	18
	0
	22
	5
	18
	3
	4
	14
	23
	6
	13
	7
	2
	16
	7
	13
	6
	23
	14
	19
	17
	4
	16
	9
	6
	13
	7
	2
	16
	7
	0
	15
	9
	2
	13
	7
	13
	2
	23
	0
	4
	3
	5
	14
	21
	18
	0
	23
	14
	12
	10
	6
	11
	8
	0
	12
	10
	16
	24
	10
	15
	4
	8
	16
	18
	10
	19
	8
	2
	19
	10
	18
	16
	8
	4
	15
	10
	11
	14
	17
	19
	0
	8
	20
	0
	10
	19
	2
	8
	19
	6
	10
	20
	14
	10
	12
	14
	7
	16
	18
	10
	16
	18
	9
	13
	6
	9
	13
	24
	21
	6
	5
	21
	14
	18
	21
	14
	20
	10
	0
	11
	17
	16
	4
	21
	2
	4
	22
	6
	4
	23
	6
	16
	7
	0
	1
	7
	14
	12
	3
	14
	4
	22
	18
	0
	22
	4
	2
	21
	4
	14
	3
	5
	0
	21
	24
	0
	22
	19
	6
	8
	19
	14
	17
	19
	14
	17
	11
	0
	21
	24
	14
	21
	4
	1
	7
	11
	6
	10
	11
	2
	21
	4
	6
	22
	5
	10
	12
	0
	8
	11
	6
	10
	19
	2
	8
	19
	0
	3
	5
	16
	17
	4
	16
	10
	24
	13
	7
	16
	18
	8
	13
	18
	8
	19
	2
	10
	19
	20
	10
	5
	15
	10
	5
	3
	16
	4
	7
	12
	16
	14
	4
	3
	0
Violation-free sequence:
	0
	4
	3
	5
	16
	7
	6
	13
	9
	2
	13
	7
	0
	1
	9
	13
	6
	7
	1
	14
	7
	15
	0
	9
	16
	6
	7
	13
	24
	22
	0
	4
	3
	5
	14
	3
	4
	0
	23
	2
	13
	7
	15
	14
	9
	13
	18
	10
	20
	14
	21
	4
	6
	22
	5
	0
	3
	18
	2
	22
	4
	0
	3
	5
	14
	21
	18
	0
	22
	5
	18
	3
	4
	14
	23
	6
	13
	7
	2
	16
	7
	13
	6
	23
	14
	19
	17
	4
	16
	9
	6
	13
	7
	2
	16
	7
	0
	15
	9
	2
	13
	7
	13
	2
	23
	0
	4
	3
	5
	14
	21
	18
	0
	23
	14
	12
	10
	6
	11
	8
	0
	12
	10
	16
	24
	10
	15
	4
	8
	16
	18
	10
	19
	8
	2
	19
	10
	18
	16
	8
	4
	15
	10
	11
	14
	17
	19
	0
	8
	20
	0
	10
	19
	2
	8
	19
	6
	10
	20
	14
	10
	12
	14
	7
	16
	18
	10
	16
	18
	9
	13
	6
	9
	13
	24
	21
	6
	5
	21
	14
	18
	21
	14
	20
	10
	0
	11
	17
	16
	4
	21
	2
	4
	22
	6
	4
	23
	6
	16
	7
	0
	1
	7
	14
	12
	3
	14
	4
	22
	18
	0
	22
	4
	2
	21
	4
	14
	3
	5
	0
	21
	24
	0
	22
	19
	6
	8
	19
	14
	17
	19
	14
	17
	11
	0
	21
	24
	14
	21
	4
	1
	7
	11
	6
	10
	11
	2
	21
	4
	6
	22
	5
	10
	12
	0
	8
	11
	6
	10
	19
	2
	8
	19
	0
	3
	5
	16
	17
	4
	16
	10
	24
	13
	7
	16
	18
	8
	13
	18
	8
	19
	2
	10
	19
	20
	10
	5
	15
	10
	5
	3
	16
	4
	7
