Version identifier: 22.1.0.0 | 2022-03-09 | 1a383f8ce
CPXPARAM_Threads                                 1
CPXPARAM_MIP_Strategy_VariableSelect             3
CPXPARAM_TimeLimit                               600
Tried aggregator 1 time.
Reduced MIP has 1825 rows, 10500 columns, and 83137 nonzeros.
Reduced MIP has 9000 binaries, 1500 generals, 0 SOSs, and 0 indicators.
Presolve time = 0.04 sec. (32.35 ticks)
Tried aggregator 1 time.
Detecting symmetries...
Reduced MIP has 1825 rows, 10500 columns, and 83137 nonzeros.
Reduced MIP has 9000 binaries, 1500 generals, 0 SOSs, and 0 indicators.
Presolve time = 0.05 sec. (48.02 ticks)
Probing time = 0.01 sec. (7.66 ticks)
Clique table members: 305.
MIP emphasis: balance optimality and feasibility.
MIP search method: dynamic search.
Parallel mode: none, using 1 thread.
Root relaxation solution time = 1.45 sec. (1523.80 ticks)

        Nodes                                         Cuts/
   Node  Left     Objective  IInf  Best Integer    Best Bound    ItCnt     Gap

      0     0        0.0000  1758                      0.0000     4748         
      0     0        0.0000  1002                 ZeroHalf: 2     4926         
      0     0        0.0000  1282                   Cuts: 136     9772         
      0     0        0.0000   724                 ZeroHalf: 1    10071         
      0     0        0.0000  1219               ZeroHalf: 120    15347         
Detecting symmetries...
      0     2        0.0000   798                      0.0000    15347         
Elapsed time = 52.79 sec. (59430.28 ticks, tree = 0.01 MB, solutions = 0)
      1     3        0.0000  1252                      0.0000    25301         
      2     4        0.0000  1235                      0.0000    31442         
      3     5        0.0000  1236                      0.0000    37016         
      4     6        0.0000  1238                      0.0000    37020         
      5     7        0.0000  1252                      0.0000    41578         
      6     8        0.0000  1250                      0.0000    48092         
      7     9        0.0000  1321                      0.0000    60581         
      8    10        0.0000  1346                      0.0000    64765         
      9    11        0.0000  1365                      0.0000    72191         
     10    10        cutoff                            0.0000    72693         
Elapsed time = 76.37 sec. (85276.21 ticks, tree = 0.12 MB, solutions = 0)
     11    11        0.0000  1446                      0.0000    78851         
     13    13        0.0000  1413                      0.0000    83768         
     15    15        0.0000  1370                      0.0000    90397         
     16    16        0.0000  1443                      0.0000    95382         
     18    18        0.0000  1365                      0.0000   101850         
     19    19        0.0000  1515                      0.0000   111071         
     20    20        0.0000  1438                      0.0000   117043         
     21    21        0.0000  1522                      0.0000   123834         
     23    23        0.0000  1544                      0.0000   130914         
     25    25        0.0000  1589                      0.0000   136750         
Elapsed time = 111.03 sec. (122639.81 ticks, tree = 0.23 MB, solutions = 0)
     27    27        0.0000  1567                      0.0000   146028         
     29    29       -0.0000  1465                      0.0000   153278         
     30    30        0.0000  1505                      0.0000   157653         
     31    31        0.0000  1439                      0.0000   163725         
     33    33        0.0000  1312                      0.0000   168052         
     35    35        0.0000  1070                      0.0000   174401         
     37    37       -0.0000  1183                      0.0000   178501         
     39    39       -0.0000  1072                      0.0000   183293         
     40    40        0.0000  1300                      0.0000   188941         
     42    42        0.0000  1092                      0.0000   189533         
Elapsed time = 139.18 sec. (152684.69 ticks, tree = 0.43 MB, solutions = 0)
     43    43        0.0000  1072                      0.0000   193873         
     45    45       -0.0000  1159                      0.0000   198014         
     47    47       -0.0000  1006                      0.0000   200672         
     48    48        0.0000  1049                      0.0000   203753         
     49    49       -0.0000  1056                      0.0000   207122         
     50    50       -0.0000  1199                      0.0000   214660         
     51    51       -0.0000  1139                      0.0000   218327         
     52    52       -0.0000  1229                      0.0000   222661         
     53    53       -0.0000  1244                      0.0000   228334         
     55    55        0.0000  1210                      0.0000   233226         
Elapsed time = 171.23 sec. (186466.70 ticks, tree = 0.62 MB, solutions = 0)
     56    56        0.0000  1258                      0.0000   237548         
     57    57        0.0000  1334                      0.0000   241591         
     59    59        0.0000  1230                      0.0000   247957         
     61    61        0.0000  1281                      0.0000   252291         
     63    63        0.0000  1107                      0.0000   254353         
     64    64        0.0000  1167                      0.0000   258960         
     66    66       -0.0000  1165                      0.0000   259352         
     67    67        0.0000  1153                      0.0000   263486         
     68    68        0.0000  1110                      0.0000   266875         
     69    69       -0.0000  1191                      0.0000   269206         
Elapsed time = 190.10 sec. (206090.89 ticks, tree = 0.81 MB, solutions = 0)
     70    70        0.0000  1146                      0.0000   273677         
     71    71       -0.0000  1115                      0.0000   280080         
     73    73        0.0000  1056                      0.0000   284100         
     75    75       -0.0000  1015                      0.0000   287814         
     76    76        0.0000   987                      0.0000   291644         
     77    77       -0.0000   845                      0.0000   298064         
     79    79       -0.0000   902                      0.0000   302196         
     81    81       -0.0000   874                      0.0000   309350         
     83    83        0.0000   817                      0.0000   311928         
     84    84        0.0000   850                      0.0000   317102         
Elapsed time = 228.03 sec. (246219.27 ticks, tree = 1.08 MB, solutions = 0)
     85    85        0.0000   993                      0.0000   323312         
     87    87       -0.0000   909                      0.0000   326511         
     90    90        0.0000   888                      0.0000   326745         
     91    91       -0.0000   859                      0.0000   331424         
     93    93        0.0185  1157                      0.0000   337069         
     94    94       -0.0000   811                      0.0000   338622         
     95    95       -0.0000   836                      0.0000   341388         
     96    96        0.0185  1141                      0.0000   346257         
     97    97        0.0000   808                      0.0000   348962         
     99    99        0.0000   891                      0.0000   352361         
Elapsed time = 247.75 sec. (266219.16 ticks, tree = 1.37 MB, solutions = 0)
    101   101       -0.0000   865                      0.0000   353332         
    102   102        0.0000   838                      0.0000   355375         
    103   103        0.0000   842                      0.0000   359763         
    104   104       -0.0000   849                      0.0000   363733         
    106   106       -0.0000   883                      0.0000   364719         
    107   107        0.0000   830                      0.0000   367992         
    109   109        0.0000   860                      0.0000   368215         
    110   110        0.0385  1229                      0.0000   373375         
    112   112       -0.0000   852                      0.0000   376700         
    113   113        0.0000   884                      0.0000   379819         
Elapsed time = 262.22 sec. (281080.38 ticks, tree = 1.61 MB, solutions = 0)
    114   114       -0.0000   911                      0.0000   382472         
    116   116        0.0000   885                      0.0000   385300         
    118   118        0.0000   975                      0.0000   388800         
    119   119        0.0000   879                      0.0000   390768         
    120   120        0.0000   845                      0.0000   393184         
    122   122        0.2059  1127                      0.0000   396632         
    123   123       -0.0000   838                      0.0000   400359         
    125   125        0.0294  1041                      0.0000   404185         
    127   127        0.0784   980                      0.0000   408312         
    128   128        0.0000   817                      0.0000   411624         
Elapsed time = 291.00 sec. (309433.66 ticks, tree = 1.90 MB, solutions = 0)
    130   130        0.1176  1092                      0.0000   415084         
    131   131       -0.0000   732                      0.0000   417260         
    133   133        0.0000   722                      0.0000   418280         
    134   134        0.0000   716                      0.0000   422496         
    136   136        0.0000   741                      0.0000   426461         
    137   137        0.0000   849                      0.0000   429855         
    139   139        0.0000   722                      0.0000   431982         
    140   140        0.0000   690                      0.0000   434479         
    142   142        0.0000   693                      0.0000   437745         
    146   146       -0.0000   651                      0.0000   446770         
Elapsed time = 312.74 sec. (331119.02 ticks, tree = 2.23 MB, solutions = 0)
    150   150        0.0000   687                      0.0000   458615         
    155   155       -0.0000   789                      0.0000   468937         
    159   159        0.0000   620                      0.0000   479635         
    160   160        0.0000   665                      0.0000   482214         
    163   163        0.0000   788                      0.0000   492496         
    168   168        4.0000   774                      0.0000   501626         
    174   174      807.8750   903                      0.0000   506991         
    178   178   1.01052e+07   895                      0.0000   579590         
    181   181     2408.0000   950                      0.0000   593950         
    189   175        cutoff                            0.0000   612716         
Elapsed time = 415.78 sec. (431670.56 ticks, tree = 2.75 MB, solutions = 0)
    193   175        0.0000   935                      0.0000   642150         
    197   175        0.0000   889                      0.0000   661014         
    200   178       -0.0000   782                      0.0000   670530         
    204   182        0.0000   821                      0.0000   678000         
    207   185        1.0000  1200                      0.0000   686039         
    212   190        1.0000  1192                      0.0000   692124         
    218   195        1.0000  1081                      0.0000   695118         
    220   197        1.0000  1052                      0.0000   695537         
    226   203        1.0000  1140                      0.0000   698853         
    230   207        1.0000  1086                      0.0000   704686         
Elapsed time = 460.20 sec. (476858.95 ticks, tree = 3.30 MB, solutions = 0)
    236   213        1.0000   933                      0.0000   711297         
    240   217        1.0000   927                      0.0000   712074         
    245   222        1.0000   877                      0.0000   719167         
    249   226        1.0000   923                      0.0000   725505         
    255   232        1.0000   842                      0.0000   732670         
    260   237        1.0000   927                      0.0000   738124         
    267   244        1.0000   895                      0.0000   741453         
    273   250        1.0000   765                      0.0000   749015         
    279   256      224.6111   954                      0.0000   755481         
    280   257      243.5625   956                      0.0000   755548         
Elapsed time = 525.79 sec. (540338.25 ticks, tree = 4.21 MB, solutions = 0)
    285   262     2925.5466   372                      0.0000   826619         
    286   261    infeasible                            0.0000   910229         

Zero-half cuts applied:  23
Gomory fractional cuts applied:  1

Root node processing (before b&c):
  Real time             =   52.70 sec. (59344.57 ticks)
Sequential b&c:
  Real time             =  547.30 sec. (552616.29 ticks)
                          ------------
Total (root+branch&cut) =  600.01 sec. (611960.86 ticks)
Violation-free sequence bound:	300
Unscheduled:	0
Status:	Unknown
Time:	600.03
Sequence:
Violation-free sequence:
