Version identifier: 22.1.0.0 | 2022-03-09 | 1a383f8ce
CPXPARAM_Threads                                 1
CPXPARAM_MIP_Strategy_VariableSelect             3
CPXPARAM_TimeLimit                               600
Tried aggregator 1 time.
Reduced MIP has 1825 rows, 10500 columns, and 105383 nonzeros.
Reduced MIP has 7800 binaries, 2700 generals, 0 SOSs, and 0 indicators.
Presolve time = 0.05 sec. (41.25 ticks)
Tried aggregator 1 time.
Detecting symmetries...
Reduced MIP has 1825 rows, 10500 columns, and 105383 nonzeros.
Reduced MIP has 7800 binaries, 2700 generals, 0 SOSs, and 0 indicators.
Presolve time = 0.06 sec. (58.78 ticks)
Probing time = 0.01 sec. (4.73 ticks)
Clique table members: 300.
MIP emphasis: balance optimality and feasibility.
MIP search method: dynamic search.
Parallel mode: none, using 1 thread.
Root relaxation solution time = 2.04 sec. (2249.73 ticks)

        Nodes                                         Cuts/
   Node  Left     Objective  IInf  Best Integer    Best Bound    ItCnt     Gap

      0     0        0.0000  1704                      0.0000     5544         
Detecting symmetries...
      0     2        0.0000   714                      0.0000     5544         
Elapsed time = 22.90 sec. (26495.84 ticks, tree = 0.01 MB, solutions = 0)
      1     3        0.0000  1423                      0.0000    16712         
      2     4        0.0000   927                      0.0000    22646         
      3     5        0.0000  1675                      0.0000    29936         
      4     6        0.0000   969                      0.0000    30068         
      5     7        0.0000  1063                      0.0000    30479         
      6     8        0.0000  1188                      0.0000    31646         
      7     9        0.0000  1178                      0.0000    38243         
      9     9        0.0000  1169                      0.0000    39397         
     10    10        0.0000  1157                      0.0000    43310         
     11    11        0.0000  1348                      0.0000    49080         
Elapsed time = 45.54 sec. (51386.41 ticks, tree = 0.09 MB, solutions = 0)
     13    13        0.0000  1155                      0.0000    54796         
     14    14        0.0000  1130                      0.0000    57573         
     15    15        0.0000  1138                      0.0000    62789         
     16    16        0.0000  1126                      0.0000    66002         
     17    17        0.0000  1022                      0.0000    72199         
     18    18        0.0000  1141                      0.0000    78043         
     20    20        0.0000  1159                      0.0000    84424         
     22    22        0.0000  1061                      0.0000    89052         
     24    24        0.0000  1126                      0.0000    94288         
     25    25        0.0000  1144                      0.0000   100477         
Elapsed time = 73.73 sec. (82589.07 ticks, tree = 0.29 MB, solutions = 0)
     26    26        0.0000  1226                      0.0000   110406         
     28    28        0.0000  1181                      0.0000   116057         
     30    30        0.0000  1140                      0.0000   116536         
     32    32        0.0000  1154                      0.0000   116915         
     33    33        0.0000  1175                      0.0000   123451         
     34    34        0.0000  1161                      0.0000   128970         
     36    36        0.0000  1106                      0.0000   134017         
     37    37        0.0000  1117                      0.0000   139075         
     38    38        0.0000  1450                      0.0000   145332         
     39    39        0.0000  1241                      0.0000   150417         
Elapsed time = 103.01 sec. (114975.58 ticks, tree = 0.43 MB, solutions = 0)
     40    40        0.0000  1329                      0.0000   160204         
     41    41        0.0000  1198                      0.0000   166305         
     42    42        0.0000  1488                      0.0000   177157         
     44    44        0.0000  1283                      0.0000   184419         
     46    46        0.0000  1216                      0.0000   190731         
     47    47        0.0000  1294                      0.0000   198296         
     50    48        0.0000  1213                      0.0000   200421         
     51    49        0.0000  1173                      0.0000   214075         
     53    47        cutoff                            0.0000   226474         
     54    48        0.0000  1110                      0.0000   226814         
Elapsed time = 149.92 sec. (167236.11 ticks, tree = 0.55 MB, solutions = 0)
     55    49        0.0000  1123                      0.0000   233133         
     57    51        0.0000  1049                      0.0000   241671         
     58    52        0.0000  1119                      0.0000   247918         
     60    54        0.0000  1213                      0.0000   254663         
     62    56        0.0000  1118                      0.0000   260291         
     64    58        0.0000  1202                      0.0000   266245         
     65    59        0.0000  1184                      0.0000   277214         
     66    60        0.0000  1171                      0.0000   284165         
     67    61        0.0000  1225                      0.0000   290031         
     69    63        0.0000  1158                      0.0000   290418         
Elapsed time = 185.29 sec. (206859.19 ticks, tree = 0.71 MB, solutions = 0)
     70    64        0.0000  1156                      0.0000   300644         
     71    65        0.0000  1228                      0.0000   306340         
     73    67        0.0000  1256                      0.0000   312323         
     75    69        0.0000  1175                      0.0000   318268         
     77    71        0.0000  1148                      0.0000   324387         
     79    73        0.0000  1239                      0.0000   329156         
     80    74        0.0000  1131                      0.0000   335134         
     81    75        0.0000  1261                      0.0000   341362         
     83    77        0.0000  1189                      0.0000   347680         
     85    79        0.0000  1157                      0.0000   354401         
Elapsed time = 222.39 sec. (247507.44 ticks, tree = 0.92 MB, solutions = 0)
     87    81        0.0000  1273                      0.0000   364774         
     89    83        0.0000  1188                      0.0000   371073         
     90    84        0.0000  1163                      0.0000   371367         
     91    85        0.0000  1241                      0.0000   375925         
     93    87        0.0000  1167                      0.0000   376014         
     94    88        0.0000  1188                      0.0000   381534         
     96    90        0.0000  1121                      0.0000   386497         
     97    91        0.0000  1117                      0.0000   391982         
     98    92        0.0000  1387                      0.0000   398302         
    100    94        0.0000  1123                      0.0000   403690         
Elapsed time = 266.60 sec. (293964.76 ticks, tree = 1.09 MB, solutions = 0)
    101    95        0.0000  1131                      0.0000   408783         
    103    97        0.0000  1128                      0.0000   414100         
    105    99        0.0000  1134                      0.0000   419582         
    107   101        0.0000  1595                      0.0000   425636         
    109   103        0.0000  1105                      0.0000   431010         
    110   104        0.0000  1522                      0.0000   437983         
    112   106        0.0000  1269                      0.0000   444367         
    114   108        0.0000  1418                      0.0000   450495         
    116   110        0.0000  1107                      0.0000   456256         
    117   111        0.0000  1162                      0.0000   461802         
Elapsed time = 319.85 sec. (349939.07 ticks, tree = 1.32 MB, solutions = 0)
    119   113        0.0000  1018                      0.0000   466857         
    120   114        0.0000  1382                      0.0000   471787         
    122   116        0.0000  1308                      0.0000   481393         
    124   118        0.0000  1102                      0.0000   487941         
    126   120        0.0000  1337                      0.0000   493936         
    128   122        0.0000  1188                      0.0000   499518         
    129   123        0.0000  1285                      0.0000   505699         
    131   125        0.0000  1213                      0.0000   510324         
    132   126        0.0000  1170                      0.0000   515579         
    133   127        0.0000  1133                      0.0000   521081         
Elapsed time = 352.31 sec. (385298.11 ticks, tree = 1.56 MB, solutions = 0)
    135   129        0.0000  1068                      0.0000   525967         
    137   131        0.0000  1133                      0.0000   529895         
    139   133        0.0000   989                      0.0000   534446         
    141   135        0.0000   944                      0.0000   538026         
    142   136        0.0000  1048                      0.0000   541259         
    143   137       -0.0000   963                      0.0000   544612         
    145   139       -0.0000   893                      0.0000   548158         
    147   141       -0.0000   915                      0.0000   549742         
    148   142       -0.0000   741                      0.0000   553616         
    151   145       -0.0000   967                      0.0000   560584         
Elapsed time = 376.57 sec. (411319.67 ticks, tree = 1.87 MB, solutions = 0)
    154   148        0.0000  1032                      0.0000   568092         
    158   152       -0.0000   746                      0.0000   575796         
    162   156        0.0000   892                      0.0000   585088         
    166   160        0.0000   840                      0.0000   590409         
    169   163        0.0000   802                      0.0000   600888         
    173   167        0.0000   837                      0.0000   607422         
    177   171       -0.0000   901                      0.0000   615213         
    183   177        0.0000   829                      0.0000   622396         
    186   180        0.0000   762                      0.0000   631533         
    191   185        0.0000   739                      0.0000   639226         
Elapsed time = 420.03 sec. (457113.34 ticks, tree = 2.59 MB, solutions = 0)
    196   190       -0.0000   716                      0.0000   645540         
    200   193       -0.0000   742                      0.0000   652246         
    204   197       -0.0000   847                      0.0000   662502         
    207   200        0.0000   644                      0.0000   672380         
    211   204        0.0000   775                      0.0000   681041         
    215   208       -0.0000   743                      0.0000   691275         
    218   211       -0.0000   788                      0.0000   700855         
    220   213       -0.0000   755                      0.0000   706930         
    223   216       -0.0000   635                      0.0000   716016         
    227   220       -0.0000   558                      0.0000   723714         
Elapsed time = 463.22 sec. (502271.23 ticks, tree = 3.23 MB, solutions = 0)
    231   224        0.0455   811                      0.0000   733266         
    235   228        0.0833   863                      0.0000   743378         
    240   233        0.0000   586                      0.0000   750353         
    244   237        0.0000   599                      0.0000   761419         
    247   240       -0.0000   701                      0.0000   770582         
    251   242        0.3750   807                      0.0000   780818         
    254   245        0.0000   643                      0.0000   789560         
    257   248        0.0417   889                      0.0000   802709         
    260   251        0.5000   625                      0.0000   808379         
    265   256        1.0000   641                      0.0000   815900         
Elapsed time = 506.18 sec. (546992.27 ticks, tree = 3.86 MB, solutions = 0)
    269   260        1.0000   682                      0.0000   827379         
    273   264     2808.2727   820                      0.0000   835612         
    277   268        1.0000   547                      0.0000   843300         
    280   271        1.0000   653                      0.0000   850959         
    283   274        6.0000   666                      0.0000   864146         
    289   280       11.0000   654                      0.0000   871301         
    293   284     2861.0000   700                      0.0000   883158         
    298   287     4825.2857   801                      0.0000   894586         
    300   289       11.0000   683                      0.0000   898393         
    304   293     5611.0000   818                      0.0000   909034         
Elapsed time = 572.03 sec. (611525.01 ticks, tree = 4.56 MB, solutions = 0)
    308   297       11.0000   659                      0.0000   917376         
    311   300       11.0000   657                      0.0000   927137         
    315   304       11.0000   599                      0.0000   937858         
    318   307       11.0000   579                      0.0000   946933         
    321   310       11.0000   621                      0.0000   955565         
    326   315       61.0000   531                      0.0000   966402         

Zero-half cuts applied:  2

Root node processing (before b&c):
  Real time             =   22.85 sec. (26455.42 ticks)
Sequential b&c:
  Real time             =  577.15 sec. (614084.36 ticks)
                          ------------
Total (root+branch&cut) =  600.00 sec. (640539.78 ticks)
Violation-free sequence bound:	300
Unscheduled:	0
Status:	Unknown
Time:	600.03
Sequence:
Violation-free sequence:
