500 8 20
3 1 1 3 1 2 1 3 
5 3 3 5 3 4 3 4 
0 31 1 0 0 0 0 0 0 0 
1 25 0 1 0 0 0 0 0 0 
2 30 0 0 1 0 0 0 0 0 
3 21 0 0 0 1 0 0 0 0 
4 11 0 0 0 0 1 0 0 0 
5 24 0 0 0 0 0 1 0 0 
6 23 0 0 0 0 0 0 1 0 
7 29 0 0 0 0 0 0 0 1 
8 26 0 1 0 0 1 0 0 1 
9 31 1 0 1 0 0 0 0 1 
10 25 1 0 0 0 0 0 1 1 
11 33 1 0 1 0 1 1 1 1 
12 21 1 0 1 0 0 0 0 0 
13 30 1 1 0 0 0 0 1 0 
14 18 1 1 0 0 0 1 0 0 
15 21 1 0 0 0 0 1 0 1 
16 35 0 1 0 0 1 0 0 0 
17 21 1 0 1 0 1 1 0 1 
18 19 1 1 1 1 0 0 1 0 
19 26 1 0 0 1 1 0 0 0 
