300 8 20
1 1 1 1 3 3 1 3 
2 3 3 3 4 5 3 5 
0 19 1 0 0 0 0 0 0 0 
1 17 0 1 0 0 0 0 0 0 
2 13 0 0 1 0 0 0 0 0 
3 17 0 0 0 1 0 0 0 0 
4 15 0 0 0 0 1 0 0 0 
5 17 0 0 0 0 0 1 0 0 
6 15 0 0 0 0 0 0 1 0 
7 14 0 0 0 0 0 0 0 1 
8 14 0 1 1 1 1 0 1 1 
9 12 0 1 0 0 1 0 0 1 
10 10 0 0 1 0 0 1 0 1 
11 10 0 0 1 1 0 0 0 0 
12 11 1 1 0 1 0 0 1 1 
13 20 0 1 1 1 0 0 0 0 
14 18 0 1 1 0 0 0 1 0 
15 18 0 0 0 0 1 0 0 1 
16 15 1 0 0 1 1 1 0 0 
17 13 0 0 0 0 0 0 1 1 
18 21 1 0 0 0 0 1 1 0 
19 11 1 0 1 1 1 1 0 0 
