100 10 25
3 2 1 3 2 3 2 2 2 3
4 4 2 5 3 4 4 3 4 5
0 1 1 1 0 1 0 0 0 0 0 1
1 1 0 0 1 1 1 0 0 1 0 1
2 4 1 1 0 1 1 1 0 0 0 1
3 1 1 1 0 1 1 1 0 1 0 1
4 4 1 0 1 0 1 0 1 1 0 0
5 1 1 1 0 1 1 1 1 1 0 1
6 7 1 0 0 1 0 1 0 0 0 1
7 1 0 0 0 0 0 1 0 1 1 1
8 6 1 1 1 0 0 1 0 0 0 0
9 3 1 0 1 1 0 1 0 1 1 1
10 16 1 0 0 0 1 1 0 1 1 0
11 2 0 0 0 1 0 1 1 1 0 1
12 6 0 0 0 1 1 0 0 1 1 1
13 5 1 0 0 1 1 0 0 0 0 0
14 2 1 0 1 1 1 0 1 1 1 1
15 2 0 1 1 0 1 0 0 1 1 1
16 1 1 0 1 0 0 1 0 0 0 1
17 1 1 1 1 1 1 0 1 1 1 0
18 4 0 1 1 1 1 0 1 0 1 0
19 3 0 0 0 0 0 1 1 1 0 0
20 5 1 0 0 0 1 1 0 0 1 0
21 5 1 0 0 0 1 1 0 1 0 1
22 12 1 1 1 0 0 1 0 1 0 1
23 2 0 0 0 1 1 0 0 0 0 1
24 5 0 1 0 1 1 1 1 1 0 0
