100 10 25
1 2 1 2 2 3 1 1 1 2
3 3 3 4 4 4 3 3 3 4
0 1 0 1 0 0 0 1 1 0 1 1
1 3 0 1 0 0 0 0 0 0 0 0
2 6 1 0 1 1 0 1 1 1 0 0
3 12 0 1 0 0 1 1 0 0 0 0
4 3 1 1 0 1 1 1 1 1 1 1
5 3 0 1 0 1 1 1 0 0 1 1
6 3 0 1 0 1 1 1 1 0 0 0
7 3 1 1 1 0 1 1 0 0 1 1
8 2 1 0 0 1 0 1 0 1 0 0
9 12 0 0 1 0 0 0 0 0 0 0
10 2 0 1 0 0 1 1 0 1 0 0
11 3 0 1 0 1 1 0 0 0 0 0
12 5 1 1 0 1 1 1 1 0 0 1
13 2 0 1 0 1 1 1 0 0 0 1
14 6 1 1 0 0 1 1 0 0 0 1
15 4 1 1 0 1 0 1 0 1 0 0
16 2 0 1 0 1 0 0 0 1 0 0
17 1 0 1 0 0 0 1 0 0 0 0
18 5 0 0 0 0 0 0 1 0 0 1
19 3 0 1 1 0 1 1 1 1 0 1
20 6 0 1 0 1 0 1 0 0 0 0
21 3 0 0 0 1 1 0 1 0 0 1
22 4 1 0 1 1 0 1 0 1 0 0
23 2 0 0 0 0 1 1 1 0 0 1
24 4 0 1 0 1 0 1 0 0 0 1
