500 10 25
2 3 2 2 2 1 1 2 1 1
4 5 3 3 3 3 2 3 3 3
0 3 1 1 1 0 0 1 0 1 1 1
1 44 1 0 1 1 0 1 0 1 0 1
2 7 0 1 0 1 1 0 1 1 0 0
3 30 0 0 1 1 1 0 1 1 0 1
4 33 0 0 1 1 1 0 1 0 1 0
5 55 0 0 0 0 0 0 0 1 0 0
6 11 0 1 1 0 1 0 0 1 0 0
7 19 1 0 0 1 1 0 1 0 0 0
8 9 0 1 1 1 1 1 1 0 1 0
9 14 0 1 0 1 1 1 1 1 0 0
10 2 1 0 1 0 0 0 0 0 0 0
11 50 0 0 0 0 1 0 0 1 1 0
12 13 1 0 0 0 1 0 1 1 0 1
13 14 1 0 1 1 0 1 0 1 0 0
14 2 0 0 1 1 0 1 0 1 0 1
15 62 0 0 0 1 0 0 0 0 0 0
16 7 0 0 1 1 1 0 1 1 0 0
17 19 0 0 0 1 1 0 0 1 1 0
18 15 0 0 1 0 1 1 1 0 0 0
19 17 0 1 1 0 1 0 0 1 1 1
20 17 0 1 1 1 1 1 0 1 0 1
21 3 0 1 0 1 1 0 1 1 1 0
22 24 0 1 1 1 1 0 0 0 0 0
23 21 1 1 0 0 1 1 0 1 0 0
24 9 1 0 1 1 0 0 0 0 0 0
