Version identifier: 22.1.0.0 | 2022-03-09 | 1a383f8ce
CPXPARAM_Threads                                 1
CPXPARAM_MIP_Strategy_VariableSelect             3
CPXPARAM_TimeLimit                               591.80423332099997
Tried aggregator 1 time.
MIP Presolve eliminated 13 rows and 0 columns.
Reduced MIP has 2413 rows, 10400 columns, and 115678 nonzeros.
Reduced MIP has 10400 binaries, 0 generals, 0 SOSs, and 0 indicators.
Presolve time = 0.08 sec. (57.99 ticks)
Probing time = 0.01 sec. (7.52 ticks)
Tried aggregator 1 time.
Detecting symmetries...
Reduced MIP has 2413 rows, 10400 columns, and 115678 nonzeros.
Reduced MIP has 10400 binaries, 0 generals, 0 SOSs, and 0 indicators.
Presolve time = 0.09 sec. (70.98 ticks)
Probing time = 0.01 sec. (7.52 ticks)
Clique table members: 1596.
MIP emphasis: balance optimality and feasibility.
MIP search method: dynamic search.
Parallel mode: none, using 1 thread.
Root relaxation solution time = 2.28 sec. (2509.34 ticks)

        Nodes                                         Cuts/
   Node  Left     Objective  IInf  Best Integer    Best Bound    ItCnt     Gap

      0     0        0.0000  1718                      0.0000     5904         
      0     0        0.0000   970                    Cuts: 17    10867         
      0     0        0.0000  1419                    Cuts: 47    17571         
      0     0        0.0000   921                    Cuts: 33    23045         
      0     0        0.0000   850                    Cuts: 20    28930         
      0     0        0.0000   659                    Cuts: 22    33338         
      0     0        0.0000   870                    Cuts: 75    39441         
      0     2        0.0000   480                      0.0000    39441         
Elapsed time = 123.13 sec. (138946.81 ticks, tree = 0.01 MB, solutions = 0)
      2     2        0.0000   751                      0.0000    45722         
      3     3        0.0000   822                      0.0000    52222         
      4     4        0.0000  1004                      0.0000    64543         
      5     5        0.0000   848                      0.0000    68621         
      6     6        0.0000   822                      0.0000    68672         
      7     7        0.0000   911                      0.0000    69983         
      8     8        0.0000  1693                      0.0000    71499         
      9     9        0.0000  1328                      0.0000    74529         
     10    10        0.0000   911                      0.0000    74537         
     12    12        0.0000   917                      0.0000    77518         
Elapsed time = 145.23 sec. (162678.68 ticks, tree = 0.17 MB, solutions = 0)
     14    14        0.0000   894                      0.0000    78344         
     16    16        0.0000  1682                      0.0000    85741         
     19    19        0.0000   877                      0.0000    87058         
     20    20        0.0000  1044                      0.0000    87444         
     21    21        0.0000  1678                      0.0000    89755         
     22    22        0.0000   872                      0.0000    89796         
     24    24        0.0000   874                      0.0000    91134         
     27    27        0.0000   847                      0.0000    92807         
     29    29        0.0000   856                      0.0000    94740         
     30    30        0.0000  1150                      0.0000   100380         
Elapsed time = 158.65 sec. (177033.06 ticks, tree = 0.59 MB, solutions = 0)
     31    31        0.0000   856                      0.0000   100384         
     32    32        0.0000  1050                      0.0000   101904         
     34    34        0.0000  1552                      0.0000   103937         
     36    36        0.0000   845                      0.0000   106272         
     38    38        0.0000   913                      0.0000   110445         
     40    40        0.0000   845                      0.0000   112328         
     41    41        0.0000   916                      0.0000   114730         
     43    43        0.0000  1000                      0.0000   117367         
     45    45        0.0000  1128                      0.0000   126966         
     47    47        0.0000  1527                      0.0000   129916         
Elapsed time = 175.90 sec. (195492.51 ticks, tree = 0.98 MB, solutions = 0)
     49    49        0.0000   820                      0.0000   132759         
     50    50        0.0000   819                      0.0000   133521         
     51    51        0.0000   834                      0.0000   134916         
     53    53        0.0000   866                      0.0000   137147         
     55    55        0.0000   846                      0.0000   139923         
     57    56        0.0000  1065                      0.0000   145104         
     60    59        0.0000   800                      0.0000   146747         
     62    61        0.0000   765                      0.0000   150184         
     63    61        0.0000  1297                      0.0000   152547         
     65    63        0.0000   756                      0.0000   152674         
Elapsed time = 195.96 sec. (215477.29 ticks, tree = 1.38 MB, solutions = 0)
     67    64        0.0000   873                      0.0000   159303         
     70    67        0.0000   889                      0.0000   162971         
     73    68    infeasible                            0.0000   166814         
     76    71        0.0000   887                      0.0000   169332         
     79    74        0.0000   809                      0.0000   174357         
     80    75        0.0000   855                      0.0000   176493         
     83    77        0.0000   825                      0.0000   177927         
     86    78        0.0000   949                      0.0000   180987         
     89    81        0.0000   879                      0.0000   183787         
     90    82        0.0000   933                      0.0000   185470         
Elapsed time = 218.91 sec. (236960.44 ticks, tree = 1.80 MB, solutions = 0)
     93    85        0.0000   911                      0.0000   188184         
     96    88        0.0000   812                      0.0000   189900         
     99    91        0.0000   851                      0.0000   193665         
    102    93        0.0000   822                      0.0000   195547         
    105    96        0.0000   883                      0.0000   197474         
    108    98        0.0000   843                      0.0000   199488         
    110   100        0.0000   877                      0.0000   202428         
    113   103        0.0000   838                      0.0000   204521         
    116   106        0.0000   924                      0.0000   208937         
    119   108        0.0000   934                      0.0000   211191         
Elapsed time = 232.88 sec. (250017.92 ticks, tree = 2.40 MB, solutions = 0)
    123   110        0.0000   902                      0.0000   213430         
    126   112        0.0000   847                      0.0000   215353         
    129   114        0.0000   918                      0.0000   218145         
    134   116        0.0000   865                      0.0000   220851         
    137   118        0.0000   876                      0.0000   224204         
    140   121        0.0000   863                      0.0000   226520         
    143   124        0.0000   908                      0.0000   230402         
    147   126        0.0000   834                      0.0000   233792         
    150   129        0.0000   867                      0.0000   236622         
    153   132        0.0000   853                      0.0000   238565         
Elapsed time = 246.05 sec. (262262.33 ticks, tree = 2.97 MB, solutions = 0)
    156   134        0.0000   798                      0.0000   242456         
    159   136        0.0000   842                      0.0000   245910         
    162   138        0.0000   809                      0.0000   247945         
    165   140        0.0000   872                      0.0000   251686         
    168   143        0.0000   804                      0.0000   253844         
    173   144        0.0000   793                      0.0000   258053         
    176   145        0.0000   896                      0.0000   261236         
    179   148        0.0000   795                      0.0000   263052         
    182   149        0.0000   795                      0.0000   266075         
    185   151        0.0000   886                      0.0000   269115         
Elapsed time = 258.98 sec. (274102.80 ticks, tree = 3.41 MB, solutions = 0)
    188   153        0.0000   798                      0.0000   270855         
    191   155        0.0000   854                      0.0000   275435         
    194   157        0.0000   800                      0.0000   277429         
    197   158        0.0000   899                      0.0000   280609         
    199   159        0.0000   938                      0.0000   286726         
    200   160        0.0000   820                      0.0000   291397         
    203   163        0.0000   867                      0.0000   296491         
    206   165        0.0000   822                      0.0000   298124         
    209   168        0.0000   827                      0.0000   302209         
    212   169        0.0000   794                      0.0000   304685         
Elapsed time = 274.15 sec. (288087.87 ticks, tree = 3.85 MB, solutions = 0)
    215   171        0.0000   813                      0.0000   307852         
    218   172        0.0000   838                      0.0000   311779         
    221   174        0.0000   814                      0.0000   313587         
    224   177        0.0000   814                      0.0000   316206         
    227   179        0.0000   814                      0.0000   319262         
    230   181        0.0000   881                      0.0000   321546         
    233   184        0.0000   926                      0.0000   323429         
    236   187        0.0000   905                      0.0000   328816         
    239   190        0.0000   861                      0.0000   331035         
    250   200        0.0000   863                      0.0000   339652         
Elapsed time = 289.87 sec. (302435.07 ticks, tree = 4.55 MB, solutions = 0)
    261   208        0.0000   859                      0.0000   347036         
    272   219        0.0000   874                      0.0000   354556         
    280   225        0.0000   894                      0.0000   362348         
    291   232        0.0000   840                      0.0000   372128         
    302   241        0.0000   943                      0.0000   381114         
    313   250        0.0000   818                      0.0000   390792         
    326   257        0.0000   831                      0.0000   398796         
    339   264        0.0000   793                      0.0000   406552         
    353   271        0.0000   790                      0.0000   419962         
    360   277        0.0000   789                      0.0000   424357         
Elapsed time = 335.99 sec. (344370.20 ticks, tree = 6.36 MB, solutions = 0)
    374   284        0.0000   757                      0.0000   435847         
    380   287        0.0000   779                      0.0000   440000         
    392   296        0.0000   708                      0.0000   452581         
    406   306        0.0000   593                      0.0000   466115         
    421   310    infeasible                            0.0000   501372         
    425   308        0.0000   573                      0.0000   516986         
    435   309        0.0000   563                      0.0000   556626         
    450   308        0.0000   573                      0.0000   598177         
    465   311        0.0000   565                      0.0000   632357         
    476   313        0.0000   567                      0.0000   678764         
Elapsed time = 385.27 sec. (384593.02 ticks, tree = 7.18 MB, solutions = 0)
    488   313        0.0000   559                      0.0000   729728         
    503   312    infeasible                            0.0000   781677         
    517   312    infeasible                            0.0000   826345         
    529   311        0.0000   562                      0.0000   870446         
    546   312        0.0000   577                      0.0000   906491         
    561   312        0.0000   595                      0.0000   952607         
    575   311    infeasible                            0.0000   992789         
    590   311    infeasible                            0.0000  1037155         
    603   312        0.0000   571                      0.0000  1073168         
    617   311    infeasible                            0.0000  1115230         
Elapsed time = 439.87 sec. (426108.92 ticks, tree = 7.17 MB, solutions = 0)
    631   309    infeasible                            0.0000  1162652         
    645   315        0.0000   619                      0.0000  1185312         
    658   322        0.0000   498                      0.0000  1208910         
    662   320        0.0000   538                      0.0000  1226421         
    680   323        0.0000   528                      0.0000  1258571         
    700   322    infeasible                            0.0000  1298312         
    716   322    infeasible                            0.0000  1344235         
    735   321    infeasible                            0.0000  1385402         
    751   319    infeasible                            0.0000  1433514         
    768   320        0.0000   542                      0.0000  1468651         
Elapsed time = 490.91 sec. (465548.93 ticks, tree = 7.36 MB, solutions = 0)
    781   319        0.0000   525                      0.0000  1508990         
    793   320        0.0000   519                      0.0000  1540850         
    803   323        0.0000   523                      0.0000  1569532         
    816   322    infeasible                            0.0000  1622430         
    833   322    infeasible                            0.0000  1666142         
    843   323    infeasible                            0.0000  1688289         
    859   323    infeasible                            0.0000  1730423         
    877   324        0.0000   523                      0.0000  1768734         
    893   324        0.0000   540                      0.0000  1805077         
    907   323    infeasible                            0.0000  1854748         
Elapsed time = 542.87 sec. (505500.07 ticks, tree = 7.44 MB, solutions = 0)
    921   323    infeasible                            0.0000  1899332         
    939   323    infeasible                            0.0000  1943548         
    958   323    infeasible                            0.0000  1978759         
    975   322    infeasible                            0.0000  2021466         
    984   328        0.0000   511                      0.0000  2058149         
    997   330        0.0000   534                      0.0000  2100983         
   1012   331        0.0000   531                      0.0000  2140747         
   1026   330    infeasible                            0.0000  2189480         
   1042   330    infeasible                            0.0000  2232394         

Clique cuts applied:  48
Zero-half cuts applied:  48

Root node processing (before b&c):
  Real time             =  122.93 sec. (138781.38 ticks)
Sequential b&c:
  Real time             =  468.87 sec. (404045.49 ticks)
                          ------------
Total (root+branch&cut) =  591.80 sec. (542826.87 ticks)
Primal:	377
Dual:	400
Status:	Feasible
Time:	591.87
Sequence:
	0
