Version identifier: 22.1.0.0 | 2022-03-09 | 1a383f8ce
CPXPARAM_Threads                                 1
CPXPARAM_MIP_Strategy_VariableSelect             3
CPXPARAM_TimeLimit                               599.99015799200004
Tried aggregator 1 time.
MIP Presolve eliminated 21 rows and 0 columns.
Reduced MIP has 4499 rows, 10000 columns, and 101054 nonzeros.
Reduced MIP has 10000 binaries, 0 generals, 0 SOSs, and 0 indicators.
Presolve time = 0.07 sec. (46.38 ticks)
Probing time = 0.01 sec. (4.59 ticks)
Tried aggregator 1 time.
Detecting symmetries...
Reduced MIP has 4499 rows, 10000 columns, and 101054 nonzeros.
Reduced MIP has 10000 binaries, 0 generals, 0 SOSs, and 0 indicators.
Presolve time = 0.11 sec. (58.99 ticks)
Probing time = 0.01 sec. (4.59 ticks)
Clique table members: 2492.
MIP emphasis: balance optimality and feasibility.
MIP search method: dynamic search.
Parallel mode: none, using 1 thread.
Root relaxation solution time = 2.51 sec. (2324.81 ticks)

        Nodes                                         Cuts/
   Node  Left     Objective  IInf  Best Integer    Best Bound    ItCnt     Gap

      0     0        0.0000  2119                      0.0000     7116         
      0     0        0.0000   582                    Cuts: 68    11940         
      0     0        0.0000   172                  Cliques: 1    12726         
      0     0        0.0000   593                   Cuts: 114    19763         
      0     0        0.0000   537                    Cuts: 63    24307         
      0     0        0.0000   320                    Cuts: 30    28038         
      0     0        0.0000   659                    Cuts: 69    36897         
      0     2        0.0000   160                      0.0000    36897         
Elapsed time = 128.46 sec. (120861.93 ticks, tree = 0.01 MB, solutions = 0)
      1     3        0.0000   500                      0.0000    59832         
      2     4        0.0000   502                      0.0000    65455         
      3     5        0.0000  1123                      0.0000    78920         
      4     6        0.0000   492                      0.0000    79035         
      5     7        0.0000   514                      0.0000    79286         
      6     8        0.0000   510                      0.0000    80328         
      7     9        0.0000   445                      0.0000    87049         
      8    10        0.0000   517                      0.0000    89432         
      9    11        0.0000   463                      0.0000    91207         
     10    12        0.0000   568                      0.0000    95257         
Elapsed time = 159.66 sec. (149754.28 ticks, tree = 0.22 MB, solutions = 0)
     11    13        0.0000   458                      0.0000    95382         
     12    14        0.0000   454                      0.0000   102938         
     13    15        0.0000   444                      0.0000   109195         
     14    16        0.0000  1239                      0.0000   122488         
     15    17        0.0000   395                      0.0000   124143         
     16    18        0.0000   755                      0.0000   130398         
     18    20        0.0000   856                      0.0000   133658         
     20    22        0.0000   669                      0.0000   136482         
     21    23        0.0000  2109                      0.0000   140187         
     23    25        0.0000   657                      0.0000   141961         
Elapsed time = 184.24 sec. (172505.91 ticks, tree = 0.70 MB, solutions = 0)
     25    27        0.0000   654                      0.0000   144224         
     28    30        0.0000   610                      0.0000   145367         
     30    32        0.0000   506                      0.0000   163604         
     31    33        0.0000   541                      0.0000   172615         
     33    35        0.0000   555                      0.0000   178036         
     34    36        0.0000   549                      0.0000   179466         
     35    37        0.0000   693                      0.0000   188637         
     37    39        0.0000   866                      0.0000   196891         
     39    41        0.0000   857                      0.0000   199701         
     41    43        0.0000  1139                      0.0000   208465         
Elapsed time = 214.13 sec. (200237.43 ticks, tree = 1.38 MB, solutions = 0)
     42    44        0.0000  1928                      0.0000   210873         
     43    45        0.0000  1077                      0.0000   232355         
     44    46        0.0000  1113                      0.0000   245688         
     45    47        0.0000  1668                      0.0000   247293         
     46    48        0.0000   965                      0.0000   258411         
     47    49        0.0000   891                      0.0000   268663         
     48    50        0.0000   827                      0.0000   283646         
     49    51        0.0000   909                      0.0000   295204         
     50    52        0.0000  1453                      0.0000   319265         
     51    53        0.0000   857                      0.0000   321694         
Elapsed time = 270.90 sec. (253086.99 ticks, tree = 1.76 MB, solutions = 0)
     53    55        0.0000   858                      0.0000   323240         
     55    57        0.0000   740                      0.0000   326520         
     57    59        0.0000   742                      0.0000   328928         
     58    60        0.0000   745                      0.0000   332574         
     60    62        0.0000   689                      0.0000   337069         
     62    64        0.0000   690                      0.0000   338697         
     63    65        0.0000   701                      0.0000   343642         
     65    67        0.0000   662                      0.0000   349936         
     68    70        0.0000   579                      0.0000   352834         
     70    72        0.0000   582                      0.0000   361808         
Elapsed time = 303.51 sec. (282842.02 ticks, tree = 2.48 MB, solutions = 0)
     72    74        0.0000   542                      0.0000   369306         
     73    75        0.0000   559                      0.0000   373406         
     75    77        0.0000   544                      0.0000   377215         
     77    79        0.0000   502                      0.0000   380145         
     79    81        0.0000   484                      0.0000   383855         
     81    83        0.0000   550                      0.0000   388273         
     84    86        0.0000   461                      0.0000   389734         
     86    88        0.0000   323                      0.0000   406121         
     88    90        0.0000   785                      0.0000   413693         
     90    92        0.0000   303                      0.0000   413845         
Elapsed time = 320.91 sec. (297951.33 ticks, tree = 3.33 MB, solutions = 0)
     92    94        0.0000   314                      0.0000   417218         
     96    98        0.0000   274                      0.0000   419140         
     99   101        0.0000   324                      0.0000   424644         
    103   105        0.0000   271                      0.0000   424963         
    104   106        0.0000   302                      0.0000   430647         
    107   109        0.0000   270                      0.0000   434223         
    109   111        0.0000   269                      0.0000   437564         
    112   114        0.0000   277                      0.0000   441674         
    116   118        0.0000   269                      0.0000   442057         
    118   120        0.0000   847                      0.0000   452150         
Elapsed time = 334.98 sec. (310904.81 ticks, tree = 4.42 MB, solutions = 0)
    120   122        0.0000   274                      0.0000   452188         
    123   123    infeasible                            0.0000   465180         
    126   126        0.0000   265                      0.0000   467858         
    130   130        0.0000   265                      0.0000   467944         
    134   134        0.0000   264                      0.0000   468521         
    138   138        0.0000   252                      0.0000   469206         
    140   138    infeasible                            0.0000   505087         
    142   140        0.0000   262                      0.0000   508830         
    145   143        0.0000   273                      0.0000   514286         
    147   145        0.0000   281                      0.0000   520054         
Elapsed time = 358.84 sec. (332721.97 ticks, tree = 5.43 MB, solutions = 0)
    149   147        0.0000   358                      0.0000   528701         
    152   150        0.0000   237                      0.0000   529151         
    156   154        0.0000   233                      0.0000   529250         
    158   156        0.0000   306                      0.0000   535538         
    160   158        0.0000   244                      0.0000   537249         
    163   161        0.0000   264                      0.0000   543063         
    167   165        0.0000   231                      0.0000   543117         
    168   166        0.0000   412                      0.0000   552527         
    171   169        0.0000   342                      0.0000   559826         
    173   171        0.0000   283                      0.0000   567814         
Elapsed time = 375.96 sec. (348693.85 ticks, tree = 6.49 MB, solutions = 0)
    175   173        0.0000   332                      0.0000   575918         
    178   176        0.0000   315                      0.0000   582856         
    180   178        0.0000   240                      0.0000   588428         
    183   181        0.0000   226                      0.0000   590972         
    184   182        0.0000   586                      0.0000   608292         
    186   184        0.0000   386                      0.0000   617447         
    188   186        0.0000   607                      0.0000   639898         
    193   191        0.0000   228                      0.0000   640372         
    195   193        0.0000   260                      0.0000   648764         
    205   199    infeasible                            0.0000   678183         
Elapsed time = 407.02 sec. (378000.29 ticks, tree = 7.70 MB, solutions = 0)
    215   207    infeasible                            0.0000   714981         
    222   210        0.0000   303                      0.0000   734906         
    230   216        0.0000   281                      0.0000   739166         
    234   220        0.0000   279                      0.0000   747354         
    238   224        0.0000   265                      0.0000   754903         
    243   229        0.0000   374                      0.0000   768217         
    251   237        0.0000   229                      0.0000   773512         
    256   242        0.0000   349                      0.0000   782818         
    263   247    infeasible                            0.0000   795388         
    267   251        0.0000   312                      0.0000   807217         
Elapsed time = 466.66 sec. (432307.37 ticks, tree = 9.69 MB, solutions = 0)
    271   255        0.0000   247                      0.0000   815773         
    274   258        0.0000   403                      0.0000   826432         
    279   263        0.0000   255                      0.0000   833959         
    283   267        0.0000   299                      0.0000   840656         
    289   273        0.0000   247                      0.0000   847310         
    293   277        0.0000   317                      0.0000   857508         
    297   281        0.0000   237                      0.0000   867337         
    303   285    infeasible                            0.0000   880052         
    309   289    infeasible                            0.0000   891730         
    316   294    infeasible                            0.0000   901611         
Elapsed time = 517.07 sec. (476867.88 ticks, tree = 11.52 MB, solutions = 0)
    324   302        0.0000   215                      0.0000   907803         
    329   305        0.0000   212                      0.0000   918573         
    336   310    infeasible                            0.0000   932105         
    341   313        0.0000   203                      0.0000   943778         
    344   312    infeasible                            0.0000   960595         
    351   319        0.0000   221                      0.0000   968267         
    356   324        0.0000   293                      0.0000   979273         
    359   325        0.0000   236                      0.0000   993600         
    364   330        0.0000   301                      0.0000  1001006         
    369   335        0.0000   265                      0.0000  1008858         
Elapsed time = 566.68 sec. (520120.56 ticks, tree = 13.14 MB, solutions = 0)
    374   338    infeasible                            0.0000  1021426         
    379   341        0.0000   284                      0.0000  1031492         
    382   340    infeasible                            0.0000  1044916         
    387   345        0.0000   379                      0.0000  1054025         
    393   351        0.0000   289                      0.0000  1061427         
    396   352        0.0000   361                      0.0000  1073552         

Clique cuts applied:  191
Zero-half cuts applied:  16

Root node processing (before b&c):
  Real time             =  128.39 sec. (120808.84 ticks)
Sequential b&c:
  Real time             =  471.61 sec. (428547.80 ticks)
                          ------------
Total (root+branch&cut) =  599.99 sec. (549356.64 ticks)
Primal:	42
Dual:	500
Status:	Feasible
Time:	600.054
Sequence:
	0
	2
	2
	0
	6
	6
	0
	2
	2
	0
	6
	3
	0
	2
	2
	0
	3
	6
	0
	2
	2
	0
	6
	6
	0
	2
	2
	0
	3
	5
	0
	2
	2
	0
	6
	6
	0
	2
	2
	0
	6
	5
