Version identifier: 22.1.0.0 | 2022-03-09 | 1a383f8ce
CPXPARAM_Threads                                 1
CPXPARAM_MIP_Strategy_VariableSelect             3
CPXPARAM_TimeLimit                               599.98183679600004
Tried aggregator 1 time.
MIP Presolve eliminated 17 rows and 0 columns.
Reduced MIP has 4503 rows, 10000 columns, and 90680 nonzeros.
Reduced MIP has 10000 binaries, 0 generals, 0 SOSs, and 0 indicators.
Presolve time = 0.07 sec. (43.20 ticks)
Probing time = 0.01 sec. (4.48 ticks)
Tried aggregator 1 time.
Detecting symmetries...
Reduced MIP has 4503 rows, 10000 columns, and 90680 nonzeros.
Reduced MIP has 10000 binaries, 0 generals, 0 SOSs, and 0 indicators.
Presolve time = 0.07 sec. (54.52 ticks)
Probing time = 0.01 sec. (4.48 ticks)
Clique table members: 3489.
MIP emphasis: balance optimality and feasibility.
MIP search method: dynamic search.
Parallel mode: none, using 1 thread.
Root relaxation solution time = 6.81 sec. (6538.26 ticks)

        Nodes                                         Cuts/
   Node  Left     Objective  IInf  Best Integer    Best Bound    ItCnt     Gap

      0     0        0.0000  2295                      0.0000    13975         
      0     0        0.0000   797                    Cuts: 71    17505         
      0     0        0.0000   339                  Cliques: 8    19571         
      0     0        0.0000   769                   Cuts: 125    24691         
      0     0        0.0000   188                 Cliques: 17    26303         
      0     0        0.0000   738                    Cuts: 84    31572         
      0     2        0.0000   187                      0.0000    31572         
Elapsed time = 117.21 sec. (106491.80 ticks, tree = 0.01 MB, solutions = 0)
      1     3        0.0000   309                      0.0000    48965         
      2     4        0.0000   844                      0.0000    56404         
      3     5        0.0000   344                      0.0000    62201         
      4     6        0.0000   291                      0.0000    62703         
      5     7        0.0000   294                      0.0000    63188         
      6     8        0.0000   318                      0.0000    65101         
      7     9        0.0000   286                      0.0000    66998         
      8    10        0.0000   331                      0.0000    70081         
      9    11        0.0000   281                      0.0000    70099         
     12    14        0.0000   283                      0.0000    71145         
Elapsed time = 141.64 sec. (128908.81 ticks, tree = 0.33 MB, solutions = 0)
     15    17        0.0000   548                      0.0000    76390         
     17    19        0.0000   257                      0.0000    78701         
     19    21        0.0000   274                      0.0000    79337         
     20    22        0.0000   263                      0.0000    80172         
     23    25        0.0000   368                      0.0000    84415         
     26    28        0.0000   275                      0.0000    85046         
     29    31        0.0000   275                      0.0000    85831         
     31    33        0.0000   265                      0.0000    85877         
     34    36        0.0000   181                      0.0000    87818         
     38    40        0.0000   181                      0.0000    88584         
Elapsed time = 154.65 sec. (140150.64 ticks, tree = 1.36 MB, solutions = 0)
     40    42        0.0000   177                      0.0000    91763         
     43    45        0.0000   189                      0.0000    93005         
     47    49        0.0000   159                      0.0000    95889         
     50    52        0.0000   145                      0.0000    97653         
     54    56        0.0000   128                      0.0000    98958         
     57    59        0.0000   134                      0.0000   100886         
     61    63        0.0000   125                      0.0000   102193         
     65    67        0.0000   317                      0.0000   108111         
     67    69        0.0000   186                      0.0000   115058         
     70    72        0.0000   119                      0.0000   116506         
Elapsed time = 170.88 sec. (155770.09 ticks, tree = 2.64 MB, solutions = 0)
     71    73        0.0000   151                      0.0000   121084         
     74    76        0.0000   200                      0.0000   126936         
     75    77        0.0000   208                      0.0000   130649         
     77    79        0.0000   173                      0.0000   133685         
     80    82        0.0000   172                      0.0000   134935         
     83    85        0.0000   158                      0.0000   136577         
     86    88        0.0000   264                      0.0000   140296         
     89    91        0.0000   163                      0.0000   141798         
     91    93        0.0000   148                      0.0000   151697         
     93    95        0.0000   296                      0.0000   160211         
Elapsed time = 191.13 sec. (173765.24 ticks, tree = 3.56 MB, solutions = 0)
     94    96        0.0000   395                      0.0000   167942         
     96    98        0.0000   617                      0.0000   179792         
     98   100        0.0000   771                      0.0000   188642         
    100   102        0.0000   474                      0.0000   195080         
    101   103        0.0000   780                      0.0000   196729         
    103   105        0.0000   479                      0.0000   200104         
    105   107        0.0000   472                      0.0000   201682         
    106   108        0.0000   469                      0.0000   208514         
    109   111        0.0000   422                      0.0000   212818         
    112   114        0.0000   424                      0.0000   216677         
Elapsed time = 219.52 sec. (199117.91 ticks, tree = 4.25 MB, solutions = 0)
    114   116        0.0000   423                      0.0000   222213         
    117   119        0.0000   435                      0.0000   224475         
    120   122        0.0000   434                      0.0000   226345         
    122   124        0.0000   532                      0.0000   232088         
    125   127        0.0000   384                      0.0000   234679         
    128   130        0.0000   332                      0.0000   239658         
    132   134        0.0000   331                      0.0000   241267         
    135   137        0.0000   299                      0.0000   248543         
    139   141        0.0000   291                      0.0000   251861         
    143   145        0.0000   288                      0.0000   252955         
Elapsed time = 234.06 sec. (211584.77 ticks, tree = 5.49 MB, solutions = 0)
    145   147        0.0000   557                      0.0000   274354         
    146   148        0.0000   350                      0.0000   282377         
    147   149        0.0000   734                      0.0000   283346         
    150   152        0.0000   351                      0.0000   284007         
    153   155        0.0000   415                      0.0000   285267         
    156   158        0.0000   350                      0.0000   285373         
    159   161        0.0000   344                      0.0000   287040         
    160   162        0.0000   814                      0.0000   302815         
    162   164        0.0000   365                      0.0000   307411         
    164   166        0.0000  1117                      0.0000   325850         
Elapsed time = 266.16 sec. (239643.86 ticks, tree = 6.29 MB, solutions = 0)
    165   167        0.0000   366                      0.0000   325881         
    166   168        0.0000   363                      0.0000   329615         
    168   170        0.0000   338                      0.0000   337520         
    170   172        0.0000   335                      0.0000   349856         
    172   174        0.0000   758                      0.0000   361895         
    173   175        0.0000   392                      0.0000   370113         
    174   176        0.0000   724                      0.0000   379824         
    176   178        0.0000   352                      0.0000   381318         
    178   180        0.0000   481                      0.0000   388870         
    181   183        0.0000   321                      0.0000   389442         
Elapsed time = 295.11 sec. (265180.57 ticks, tree = 6.94 MB, solutions = 0)
    184   186        0.0000   322                      0.0000   390769         
    187   189        0.0000   331                      0.0000   392107         
    188   190        0.0000   839                      0.0000   406505         
    191   193        0.0000   327                      0.0000   408046         
    194   196        0.0000   317                      0.0000   409801         
    196   198        0.0000  1224                      0.0000   433014         
    198   200        0.0000   448                      0.0000   440848         
    200   202        0.0000   391                      0.0000   456142         
    202   204        0.0000   723                      0.0000   471031         
    204   206        0.0000   276                      0.0000   472677         
Elapsed time = 332.46 sec. (298480.98 ticks, tree = 7.79 MB, solutions = 0)
    205   207        0.0000   504                      0.0000   480136         
    207   209        0.0000   376                      0.0000   486819         
    210   212        0.0000   290                      0.0000   489270         
    211   213        0.0000   306                      0.0000   493067         
    214   216        0.0000   283                      0.0000   494893         
    216   218        0.0000   267                      0.0000   497320         
    218   220        0.0000   477                      0.0000   508704         
    220   222        0.0000   560                      0.0000   517446         
    222   224        0.0000   271                      0.0000   518770         
    225   227        0.0000  1022                      0.0000   543013         
Elapsed time = 391.09 sec. (349941.34 ticks, tree = 8.42 MB, solutions = 0)
    230   232        0.0000   865                      0.0000   582262         
    233   235        0.0000  1209                      0.0000   601265         
    239   241        0.0000   429                      0.0000   617392         
    249   251        0.0000   385                      0.0000   625609         
    255   257        0.0000   417                      0.0000   646257         
    263   265        0.0000   309                      0.0000   665357         
    274   276        0.0000   341                      0.0000   691017         
    279   281        0.0000   528                      0.0000   722007         
    285   287        0.0000   386                      0.0000   754853         
    289   291        0.0000   721                      0.0000   776074         
Elapsed time = 460.55 sec. (407405.20 ticks, tree = 10.92 MB, solutions = 0)
    293   295        0.0000   512                      0.0000   790999         
    296   298        0.0000   618                      0.0000   816363         
    299   300        0.0000   706                      0.0000   844353         
    301   302        0.0000   858                      0.0000   864426         
    302   303        0.0000  1055                      0.0000   878968         
    304   305        0.0000  1121                      0.0000   891275         
    312   309    infeasible                            0.0000   929782         
    314   311        0.0000   703                      0.0000   940096         
    318   313    infeasible                            0.0000   953915         
    320   313    infeasible                            0.0000   989052         
Elapsed time = 540.06 sec. (476071.96 ticks, tree = 11.82 MB, solutions = 0)
    322   315        0.0000   877                      0.0000   999168         
    323   316        0.0000   885                      0.0000  1010862         
    325   316        0.0000   878                      0.0000  1020938         
    327   318        0.0000   891                      0.0000  1049064         
    329   318    infeasible                            0.0000  1062636         
    333   318    infeasible                            0.0000  1075316         
    335   318    infeasible                            0.0000  1109031         
    336   319        0.0000   859                      0.0000  1122067         
    337   320        0.0000   799                      0.0000  1133509         

Clique cuts applied:  128
Zero-half cuts applied:  28

Root node processing (before b&c):
  Real time             =  117.15 sec. (106450.08 ticks)
Sequential b&c:
  Real time             =  482.84 sec. (420836.59 ticks)
                          ------------
Total (root+branch&cut) =  599.99 sec. (527286.67 ticks)
Primal:	8
Dual:	500
Status:	Feasible
Time:	600.078
Sequence:
	1
	5
	5
	2
	2
	5
	5
	0
