Version identifier: 22.1.0.0 | 2022-03-09 | 1a383f8ce
CPXPARAM_Threads                                 1
CPXPARAM_MIP_Strategy_VariableSelect             3
CPXPARAM_TimeLimit                               599.99338929700002
Tried aggregator 1 time.
MIP Presolve eliminated 13 rows and 0 columns.
Reduced MIP has 1811 rows, 7200 columns, and 83590 nonzeros.
Reduced MIP has 7200 binaries, 0 generals, 0 SOSs, and 0 indicators.
Presolve time = 0.05 sec. (42.19 ticks)
Probing time = 0.01 sec. (4.54 ticks)
Tried aggregator 1 time.
Detecting symmetries...
Reduced MIP has 1811 rows, 7200 columns, and 83590 nonzeros.
Reduced MIP has 7200 binaries, 0 generals, 0 SOSs, and 0 indicators.
Presolve time = 0.06 sec. (51.49 ticks)
Probing time = 0.01 sec. (4.54 ticks)
Clique table members: 1194.
MIP emphasis: balance optimality and feasibility.
MIP search method: dynamic search.
Parallel mode: none, using 1 thread.
Root relaxation solution time = 1.78 sec. (2019.46 ticks)

        Nodes                                         Cuts/
   Node  Left     Objective  IInf  Best Integer    Best Bound    ItCnt     Gap

      0     0        0.0000  1378                      0.0000     5671         
      0     0        0.0000   457                  Cliques: 5     7229         
      0     0        0.0000  1266                   Cuts: 147    14126         
      0     0        0.0000   652                    Cuts: 17    18843         
      0     0        0.0000   557                    Cuts: 31    23822         
      0     0        0.0000   405                     Cuts: 4    25047         
      0     0        0.0000   477                    Cuts: 10    25846         
      0     2        0.0000   419                      0.0000    25846         
Elapsed time = 59.78 sec. (68226.59 ticks, tree = 0.01 MB, solutions = 0)
      2     2        0.0000   553                      0.0000    31283         
      3     2        0.0000   574                      0.0000    37145         
      4     3        0.0000   556                      0.0000    37149         
      5     4        0.0000   528                      0.0000    45429         
      6     4        0.0000   485                      0.0000    51014         
      7     5        0.0000   489                      0.0000    51179         
      8     6        0.0000   575                      0.0000    54253         
      9     7        0.0000   497                      0.0000    57994         
     10     8        0.0000   506                      0.0000    59415         
     12    10        0.0000   506                      0.0000    63147         
Elapsed time = 74.95 sec. (84982.73 ticks, tree = 0.10 MB, solutions = 0)
     15    13        0.0000   511                      0.0000    66829         
     18    15        0.0000   504                      0.0000    71756         
     21    18        0.0000   558                      0.0000    77350         
     24    21        0.0000   506                      0.0000    81236         
     26    23        0.0000   513                      0.0000    83549         
     30    27        0.0000   526                      0.0000    87706         
     33    30        0.0000   492                      0.0000    90835         
     36    33        0.0000   582                      0.0000    98287         
     38    34        0.0000   608                      0.0000    99735         
     41    37        0.0000   520                      0.0000   103068         
Elapsed time = 93.68 sec. (103992.38 ticks, tree = 0.58 MB, solutions = 0)
     44    39        0.0000   564                      0.0000   108662         
     46    40        0.0000   584                      0.0000   114374         
     49    42        0.0000   478                      0.0000   121442         
     50    43        0.0000   481                      0.0000   122023         
     52    45        0.0000   479                      0.0000   129535         
     53    46        0.0000   634                      0.0000   131948         
     56    49        0.0000   461                      0.0000   134853         
     59    52        0.0000   554                      0.0000   143432         
     60    53        0.0000   470                      0.0000   143625         
     64    57        0.0000   459                      0.0000   145057         
Elapsed time = 107.19 sec. (117642.32 ticks, tree = 0.92 MB, solutions = 0)
     68    60        0.0000   462                      0.0000   146838         
     70    62        0.0000   456                      0.0000   148027         
     73    65        0.0000   445                      0.0000   151091         
     76    68        0.0000   435                      0.0000   153353         
     80    72        0.0000   448                      0.0000   155620         
     84    76        0.0000   464                      0.0000   157484         
     87    79        0.0000   424                      0.0000   160065         
     90    82        0.0000   426                      0.0000   162940         
     93    85        0.0000   498                      0.0000   166223         
     96    87        0.0000   425                      0.0000   168138         
Elapsed time = 120.96 sec. (131378.96 ticks, tree = 1.43 MB, solutions = 0)
     99    90        0.0000   489                      0.0000   177463         
    103    94        0.0000   410                      0.0000   178656         
    107    97        0.0000   373                      0.0000   180054         
    109    99        0.0000   517                      0.0000   184908         
    110   100        0.0000   427                      0.0000   187859         
    114   104        0.0000   398                      0.0000   189177         
    117   107        0.0000   454                      0.0000   195793         
    120   110        0.0000   380                      0.0000   196717         
    124   114        0.0000   385                      0.0000   198741         
    127   117        0.0000   323                      0.0000   202762         
Elapsed time = 133.62 sec. (143619.54 ticks, tree = 1.95 MB, solutions = 0)
    129   119        0.0000   394                      0.0000   209693         
    133   123        0.0000   301                      0.0000   212235         
    136   124        0.0000   358                      0.0000   216983         
    138   125        0.0000   435                      0.0000   225025         
    140   127        0.0000   492                      0.0000   226841         
    145   132        0.0000   435                      0.0000   228039         
    150   137        0.0000   414                      0.0000   229381         
    154   141        0.0000   449                      0.0000   232381         
    160   145        0.0000   435                      0.0000   233678         
    164   148        0.0000   368                      0.0000   237454         
Elapsed time = 147.65 sec. (156821.02 ticks, tree = 2.48 MB, solutions = 0)
    167   149        0.0000   458                      0.0000   243871         
    171   150        0.0000   419                      0.0000   247823         
    177   150    infeasible                            0.0000   254595         
    180   152        0.0000   444                      0.0000   258379         
    186   153    infeasible                            0.0000   263992         
    194   155        0.0000   430                      0.0000   268309         
    202   157        0.0000   425                      0.0000   273171         
    208   159        0.0000   433                      0.0000   278227         
    214   160        0.0000   424                      0.0000   283746         
    221   159        0.0000   367                      0.0000   290902         
Elapsed time = 160.70 sec. (168505.11 ticks, tree = 2.67 MB, solutions = 0)
    225   162        0.0000   382                      0.0000   293499         
    230   165        0.0000   407                      0.0000   295573         
    234   169        0.0000   351                      0.0000   298552         
    239   173        0.0000   350                      0.0000   301236         
    241   173        0.0000   402                      0.0000   307302         
    246   178        0.0000   463                      0.0000   309110         
    252   181        0.0000   464                      0.0000   310797         
    258   185        0.0000   364                      0.0000   313260         
    262   189        0.0000   367                      0.0000   315400         
    267   193        0.0000   415                      0.0000   319287         
Elapsed time = 172.73 sec. (179523.85 ticks, tree = 3.24 MB, solutions = 0)
    272   196        0.0000   375                      0.0000   322190         
    277   198        0.0000   486                      0.0000   326547         
    282   199        0.0000   422                      0.0000   331795         
    288   199    infeasible                            0.0000   337738         
    294   201    infeasible                            0.0000   344797         
    300   201    infeasible                            0.0000   352005         
    308   204        0.0000   433                      0.0000   354803         
    314   204        0.0000   344                      0.0000   358528         
    319   207        0.0000   363                      0.0000   359970         
    324   210        0.0000   408                      0.0000   362665         
Elapsed time = 184.37 sec. (190015.22 ticks, tree = 3.57 MB, solutions = 0)
    329   214        0.0000   393                      0.0000   365982         
    334   218        0.0000   359                      0.0000   370396         
    336   220        0.0000   350                      0.0000   375568         
    340   222        0.0000   339                      0.0000   376335         
    345   227        0.0000   337                      0.0000   378019         
    350   232        0.0000   524                      0.0000   383427         
    355   236        0.0000   350                      0.0000   386906         
    360   240        0.0000   357                      0.0000   390618         
    364   243        0.0000   359                      0.0000   394742         
    380   257        0.0000   494                      0.0000   410685         
Elapsed time = 199.53 sec. (203678.52 ticks, tree = 4.35 MB, solutions = 0)
    402   260        0.0000   403                      0.0000   423636         
    419   275        0.0000   467                      0.0000   433151         
    440   277    infeasible                            0.0000   452319         
    458   281        0.0000   470                      0.0000   470301         
    471   289        0.0000   474                      0.0000   482848         
    484   302        0.0000   395                      0.0000   489939         
    503   316        0.0000   437                      0.0000   501082         
    526   320        0.0000   452                      0.0000   520481         
    539   327        0.0000   436                      0.0000   529305         
    558   343        0.0000   424                      0.0000   536367         
Elapsed time = 242.64 sec. (243791.95 ticks, tree = 5.87 MB, solutions = 0)
    577   360        0.0000   385                      0.0000   544830         
    593   373        0.0000   490                      0.0000   558223         
    610   385        0.0000   379                      0.0000   572891         
    625   396        0.0000   374                      0.0000   586650         
    637   405        0.0000   489                      0.0000   605959         
    652   416        0.0000   375                      0.0000   619413         
    666   426        0.0000   380                      0.0000   637506         
    680   436        0.0000   393                      0.0000   651739         
    699   443    infeasible                            0.0000   667484         
    726   443    infeasible                            0.0000   686757         
Elapsed time = 285.89 sec. (283438.81 ticks, tree = 7.62 MB, solutions = 0)
    737   449        0.0000   432                      0.0000   696915         
    752   462        0.0000   427                      0.0000   708283         
    760   468        0.0000   345                      0.0000   724737         
    774   477        0.0000   335                      0.0000   740234         
    788   487    infeasible                            0.0000   757526         
    808   493    infeasible                            0.0000   774833         
    832   493    infeasible                            0.0000   796212         
    844   498        0.0000   345                      0.0000   807011         
    864   500        0.0000   429                      0.0000   828677         
    881   511        0.0000   392                      0.0000   841235         
Elapsed time = 328.14 sec. (323050.38 ticks, tree = 8.75 MB, solutions = 0)
    894   522        0.0000   353                      0.0000   853983         
    914   536        0.0000   362                      0.0000   864213         
    933   549        0.0000   467                      0.0000   879239         
    955   553    infeasible                            0.0000   895731         
    976   558        0.0000   454                      0.0000   910315         
    999   560        0.0000   414                      0.0000   927521         
   1023   560        0.0000   401                      0.0000   948786         
   1050   560        0.0000   436                      0.0000   971203         
   1065   574        0.0000   401                      0.0000   984840         
   1080   579        0.0000   467                      0.0000   998265         
Elapsed time = 371.86 sec. (362730.63 ticks, tree = 9.97 MB, solutions = 0)
   1096   587    infeasible                            0.0000  1014747         
   1116   588        0.0000   469                      0.0000  1034395         
   1134   588    infeasible                            0.0000  1056043         
   1150   587    infeasible                            0.0000  1078515         
   1165   587        0.0000   364                      0.0000  1102526         
   1186   594        0.0000   284                      0.0000  1117297         
   1199   604        0.0000   385                      0.0000  1130864         
   1212   615        0.0000   442                      0.0000  1146189         
   1227   627        0.0000   447                      0.0000  1157525         
   1246   640        0.0000   488                      0.0000  1168773         
Elapsed time = 414.91 sec. (402687.82 ticks, tree = 11.01 MB, solutions = 0)
   1265   645        0.0000   347                      0.0000  1183830         
   1283   654        0.0000   458                      0.0000  1201653         
   1298   657        0.0000   373                      0.0000  1221243         
   1316   672        0.0000   389                      0.0000  1233139         
   1333   684        0.0000   379                      0.0000  1249718         
   1348   694        0.0000   413                      0.0000  1265701         
   1363   707        0.0000   399                      0.0000  1274538         
   1389   717    infeasible                            0.0000  1292111         
   1415   728        0.0000   357                      0.0000  1310467         
   1435   741        0.0000   435                      0.0000  1324110         
Elapsed time = 459.12 sec. (442710.58 ticks, tree = 12.74 MB, solutions = 0)
   1448   754        0.0000   375                      0.0000  1338671         
   1464   762        0.0000   455                      0.0000  1351566         
   1484   776        0.0000   436                      0.0000  1364146         
   1501   788        0.0000   372                      0.0000  1375353         
   1525   794        0.0000   413                      0.0000  1390535         

Performing restart 1

Repeating presolve.
Tried aggregator 1 time.
MIP Presolve eliminated 0 rows and 1 columns.
Reduced MIP has 1811 rows, 7199 columns, and 83570 nonzeros.
Reduced MIP has 7199 binaries, 0 generals, 0 SOSs, and 0 indicators.
Presolve time = 0.05 sec. (42.06 ticks)
Tried aggregator 1 time.
Reduced MIP has 1811 rows, 7199 columns, and 83570 nonzeros.
Reduced MIP has 7199 binaries, 0 generals, 0 SOSs, and 0 indicators.
Presolve time = 0.06 sec. (49.72 ticks)
Represolve time = 0.56 sec. (328.13 ticks)
   1530     0        0.0000   689                     Cuts: 9  1403922         
   1530     0        0.0000   674                    Cuts: 65  1409627         
   1530     0        0.0000   867                    Cuts: 10  1414859         
   1530     0        0.0000   638                    Cuts: 78  1424824         
   1530     0        0.0000   562                    Cuts: 29  1427866         
   1530     0        0.0000   808                    Cuts: 52  1431845         
   1530     0        0.0000   644                    Cuts: 14  1437208         
   1530     0        0.0000   568                    Cuts: 31  1440548         
   1530     0        0.0000   617                    Cuts: 54  1447080         
   1530     0        0.0000   439                    Cuts: 38  1458043         
   1530     0        0.0000   383                    Cuts: 16  1461068         

Clique cuts applied:  58
Mixed integer rounding cuts applied:  1
Zero-half cuts applied:  42
Gomory fractional cuts applied:  6

Root node processing (before b&c):
  Real time             =   59.67 sec. (68132.34 ticks)
Sequential b&c:
  Real time             =  540.33 sec. (532126.65 ticks)
                          ------------
Total (root+branch&cut) =  600.00 sec. (600258.99 ticks)
Primal:	4
Dual:	300
Status:	Feasible
Time:	600.045
Sequence:
	11
	5
	11
	5
