Version identifier: 22.1.0.0 | 2022-03-09 | 1a383f8ce
CPXPARAM_Threads                                 1
CPXPARAM_MIP_Strategy_VariableSelect             3
CPXPARAM_TimeLimit                               599.99354145999996
Tried aggregator 1 time.
MIP Presolve eliminated 13 rows and 0 columns.
Reduced MIP has 1812 rows, 7500 columns, and 83912 nonzeros.
Reduced MIP has 7500 binaries, 0 generals, 0 SOSs, and 0 indicators.
Presolve time = 0.05 sec. (41.30 ticks)
Probing time = 0.01 sec. (6.77 ticks)
Tried aggregator 1 time.
Detecting symmetries...
Reduced MIP has 1812 rows, 7500 columns, and 83912 nonzeros.
Reduced MIP has 7500 binaries, 0 generals, 0 SOSs, and 0 indicators.
Presolve time = 0.06 sec. (50.67 ticks)
Probing time = 0.01 sec. (6.77 ticks)
Clique table members: 1194.
MIP emphasis: balance optimality and feasibility.
MIP search method: dynamic search.
Parallel mode: none, using 1 thread.
Root relaxation solution time = 1.21 sec. (1339.44 ticks)

        Nodes                                         Cuts/
   Node  Left     Objective  IInf  Best Integer    Best Bound    ItCnt     Gap

      0     0        0.0000  1322                      0.0000     4275         
      0     0        0.0000   814                    Cuts: 21     9233         
      0     0        0.0000   718                    Cuts: 77    13285         
      0     0        0.0000   494                     Cuts: 6    17945         
      0     0        0.0000   812                   Cuts: 125    23876         
      0     0        0.0000   377                  Cliques: 1    24632         
      0     0        0.0000   785                   Cuts: 139    29820         
      0     2        0.0000   528                      0.0000    29820         
Elapsed time = 81.19 sec. (91362.92 ticks, tree = 0.01 MB, solutions = 0)
      1     3        0.0000   585                      0.0000    41642         
      2     4        0.0000   677                      0.0000    46665         
      3     5        0.0000   548                      0.0000    50746         
      4     6        0.0000   601                      0.0000    53983         
      5     7        0.0000   547                      0.0000    53994         
      6     8        0.0000   649                      0.0000    55502         
      7     9        0.0000  1387                      0.0000    57802         
      8    10        0.0000   622                      0.0000    57982         
      9    10        0.0000   632                      0.0000    59319         
     11    12        0.0000   771                      0.0000    60597         
Elapsed time = 95.59 sec. (107377.44 ticks, tree = 0.12 MB, solutions = 0)
     13    13        0.0000  1044                      0.0000    63835         
     15    15        0.0000   685                      0.0000    66344         
     17    17        0.0000   787                      0.0000    70427         
     19    19        0.0000   973                      0.0000    71992         
     21    21        0.0000   956                      0.0000    73434         
     23    23        0.0000   748                      0.0000    77083         
     26    26        0.0000   986                      0.0000    81597         
     29    29        0.0000   735                      0.0000    82347         
     31    31        0.0000   868                      0.0000    84888         
     33    33        0.0000   754                      0.0000    86145         
Elapsed time = 107.21 sec. (120485.65 ticks, tree = 0.51 MB, solutions = 0)
     36    35        0.0000   757                      0.0000    89834         
     38    37        0.0000   991                      0.0000    92568         
     40    39        0.0000   730                      0.0000    94195         
     42    40        0.0000   726                      0.0000    95850         
     45    43        0.0000   816                      0.0000   103278         
     47    45        0.0000   704                      0.0000   106686         
     49    47        0.0000   693                      0.0000   108569         
     50    48        0.0000   693                      0.0000   109006         
     53    51        0.0000   675                      0.0000   112413         
     55    53        0.0000   681                      0.0000   118517         
Elapsed time = 125.41 sec. (139473.32 ticks, tree = 0.87 MB, solutions = 0)
     57    53        0.0000   683                      0.0000   120374         
     60    55        0.0000   683                      0.0000   121705         
     62    57        0.0000   683                      0.0000   123833         
     64    58        0.0000   682                      0.0000   127494         
     66    60        0.0000   746                      0.0000   130913         
     69    61        0.0000   687                      0.0000   136140         
     70    62        0.0000   892                      0.0000   137464         
     73    65        0.0000   732                      0.0000   140926         
     76    67        0.0000  1113                      0.0000   146681         
     78    69        0.0000   834                      0.0000   148904         
Elapsed time = 140.81 sec. (155641.20 ticks, tree = 1.14 MB, solutions = 0)
     80    71        0.0000   696                      0.0000   152203         
     82    73        0.0000   700                      0.0000   154625         
     84    75        0.0000   700                      0.0000   160629         
     86    76        0.0000   702                      0.0000   164023         
     88    78        0.0000   957                      0.0000   165842         
     91    80        0.0000   905                      0.0000   167412         
     94    83        0.0000   877                      0.0000   168841         
     97    86        0.0000   892                      0.0000   170762         
    100    89        0.0000   916                      0.0000   171754         
    103    92        0.0000   908                      0.0000   174772         
Elapsed time = 156.43 sec. (171632.42 ticks, tree = 1.53 MB, solutions = 0)
    106    94        0.0000   884                      0.0000   176208         
    109    97        0.0000   857                      0.0000   179877         
    114    99        0.0000   887                      0.0000   184336         
    117   102        0.0000   866                      0.0000   185782         
    120   104        0.0000   888                      0.0000   189054         
    124   108        0.0000   872                      0.0000   192081         
    128   111        0.0000   863                      0.0000   193402         
    131   114        0.0000   877                      0.0000   196190         
    134   117        0.0000   855                      0.0000   199283         
    137   119        0.0000   707                      0.0000   204578         
Elapsed time = 167.97 sec. (183351.04 ticks, tree = 2.05 MB, solutions = 0)
    139   120        0.0000   734                      0.0000   212645         
    141   122        0.0000   497                      0.0000   233052         
    142   122        0.0000   608                      0.0000   239599         
    145   125        0.0000   500                      0.0000   242826         
    147   125        0.0000   451                      0.0000   251834         
    150   126        0.0000   445                      0.0000   252697         
    153   127        0.0000   434                      0.0000   254985         
    155   125    infeasible                            0.0000   261333         
    157   123    infeasible                            0.0000   263206         
    158   124        0.0000   495                      0.0000   269976         
Elapsed time = 186.55 sec. (201817.62 ticks, tree = 2.12 MB, solutions = 0)
    161   123    infeasible                            0.0000   275042         
    163   125        0.0000   504                      0.0000   284723         
    164   124    infeasible                            0.0000   304440         
    168   124    infeasible                            0.0000   306064         
    171   123        0.0000   511                      0.0000   317497         
    173   123    infeasible                            0.0000   327349         
    175   125        0.0000   496                      0.0000   328204         
    177   125    infeasible                            0.0000   331429         
    179   127        0.0000   483                      0.0000   332805         
    183   124    infeasible                            0.0000   339640         
Elapsed time = 205.61 sec. (221246.37 ticks, tree = 2.14 MB, solutions = 0)
    184   125        0.0000   460                      0.0000   342549         
    186   125        0.0000   485                      0.0000   347756         
    188   127        0.0000   459                      0.0000   349838         
    191   126    infeasible                            0.0000   352514         
    194   125        0.0000   473                      0.0000   357206         
    197   125    infeasible                            0.0000   361635         
    200   122    infeasible                            0.0000   370841         
    201   123        0.0000   472                      0.0000   372259         
    204   124    infeasible                            0.0000   374230         
    206   124        0.0000   527                      0.0000   376981         
Elapsed time = 216.86 sec. (233048.14 ticks, tree = 2.12 MB, solutions = 0)
    209   124        0.0000   504                      0.0000   386754         
    212   123    infeasible                            0.0000   393685         
    215   122    infeasible                            0.0000   403070         
    217   122        0.0000   555                      0.0000   404748         
    220   124        0.0000   912                      0.0000   411540         
    222   126        0.0000   849                      0.0000   413132         
    224   128        0.0000   743                      0.0000   416549         
    226   130        0.0000   954                      0.0000   421242         
    228   132        0.0000   904                      0.0000   424778         
    235   137        0.0000   876                      0.0000   438556         
Elapsed time = 234.61 sec. (251718.67 ticks, tree = 2.37 MB, solutions = 0)
    241   142        0.0000  1029                      0.0000   451742         
    248   149        0.0000   573                      0.0000   461625         
    254   155        0.0000   591                      0.0000   472867         
    259   159        0.0000  1024                      0.0000   484801         
    264   163        0.0000   697                      0.0000   496257         
    270   168        0.0000   513                      0.0000   507882         
    271   169        0.0000  1067                      0.0000   517083         
    277   175        0.0000   495                      0.0000   533356         
    283   180        0.0000  1134                      0.0000   550305         
    293   189        0.0000   967                      0.0000   559272         
Elapsed time = 273.40 sec. (293129.61 ticks, tree = 3.29 MB, solutions = 0)
    302   197        0.0000  1070                      0.0000   573273         
    310   202        0.0000  1054                      0.0000   585480         
    318   209        0.0000   995                      0.0000   599017         
    320   211        0.0000  1087                      0.0000   601786         
    328   218        0.0000  1041                      0.0000   615646         
    336   224        0.0000   921                      0.0000   629573         
    344   231        0.0000   869                      0.0000   644908         
    352   237        0.0000  1045                      0.0000   659026         
    360   244        0.0000  1045                      0.0000   671726         
    368   252        0.0000  1053                      0.0000   685808         
Elapsed time = 317.38 sec. (338101.88 ticks, tree = 4.41 MB, solutions = 0)
    376   259        0.0000  1084                      0.0000   699908         
    385   267        0.0000   980                      0.0000   713348         
    394   276        0.0000   846                      0.0000   723879         
    400   282        0.0000   818                      0.0000   732144         
    409   291        0.0000   920                      0.0000   744016         
    419   300        0.0000  1124                      0.0000   755941         
    429   310        0.0000  1006                      0.0000   766770         
    439   318        0.0000   868                      0.0000   777687         
    449   328        0.0000   794                      0.0000   787375         
    457   336        0.0000   807                      0.0000   802832         
Elapsed time = 359.72 sec. (381791.82 ticks, tree = 5.95 MB, solutions = 0)
    465   344        0.0000   801                      0.0000   816507         
    471   349        0.0000   895                      0.0000   837846         
    477   354        0.0000   998                      0.0000   860480         
    485   362        0.0000   796                      0.0000   875325         
    492   369        0.0000   929                      0.0000   894921         
    500   377        0.0000   955                      0.0000   911750         
    508   385        0.0000   978                      0.0000   929831         
    516   392        0.0000   937                      0.0000   951100         
    524   400        0.0000   927                      0.0000   968541         
    533   408        0.0000   853                      0.0000   988048         
Elapsed time = 400.97 sec. (422112.35 ticks, tree = 7.26 MB, solutions = 0)
    542   415        0.0000  1076                      0.0000  1007585         
    550   420        0.0000   836                      0.0000  1030238         
    558   426        0.0000   726                      0.0000  1050782         
    561   428        0.0000   700                      0.0000  1059094         
    569   435        0.0000   832                      0.0000  1080404         
    577   439        0.0000   918                      0.0000  1105786         
    585   445        0.0000   825                      0.0000  1127983         
    593   451        0.0000   932                      0.0000  1155356         
    601   457        0.0000   722                      0.0000  1179053         
    609   464        0.0000   724                      0.0000  1197561         
Elapsed time = 445.29 sec. (462700.33 ticks, tree = 8.27 MB, solutions = 0)
    616   469        0.0000   991                      0.0000  1226475         
    624   475        0.0000   827                      0.0000  1254119         
    635   483        0.0000   735                      0.0000  1269945         
    643   488        0.0000   734                      0.0000  1280543         
    652   494        0.0000   717                      0.0000  1300708         
    663   501        0.0000   732                      0.0000  1320336         
    672   508        0.0000   697                      0.0000  1343032         
    682   515        0.0000   704                      0.0000  1362606         
    694   522        0.0000   657                      0.0000  1380597         
    704   523    infeasible                            0.0000  1425147         
Elapsed time = 489.99 sec. (503076.47 ticks, tree = 9.38 MB, solutions = 0)
    717   525        0.0000   616                      0.0000  1463932         
    729   524    infeasible                            0.0000  1510238         
    736   526        0.0000   686                      0.0000  1523879         
    742   532        0.0000  1161                      0.0000  1536454         
    751   537        0.0000  1156                      0.0000  1541958         
    759   544        0.0000   998                      0.0000  1550727         
    760   545        0.0000   998                      0.0000  1550755         
    767   549        0.0000   706                      0.0000  1574559         
    774   552        0.0000   690                      0.0000  1605567         
    781   554        0.0000   605                      0.0000  1644579         
Elapsed time = 535.30 sec. (545791.17 ticks, tree = 9.94 MB, solutions = 0)
    790   556        0.0000   942                      0.0000  1676046         
    801   566        0.0000   828                      0.0000  1681617         
    811   575        0.0000   810                      0.0000  1688189         
    820   583        0.0000   800                      0.0000  1700296         
    828   591        0.0000   777                      0.0000  1716373         
    836   597        0.0000  1041                      0.0000  1732099         
    844   604        0.0000  1102                      0.0000  1745939         
    852   611        0.0000   966                      0.0000  1761901         
    860   617        0.0000   754                      0.0000  1773972         
    868   623        0.0000   889                      0.0000  1791963         
Elapsed time = 575.73 sec. (587522.36 ticks, tree = 11.16 MB, solutions = 0)
    876   630        0.0000  1095                      0.0000  1808224         
    884   638        0.0000  1068                      0.0000  1822109         
    892   645        0.0000   789                      0.0000  1838973         
    901   654        0.0000   769                      0.0000  1852200         
    908   661        0.0000   885                      0.0000  1872385         
    916   669        0.0000  1089                      0.0000  1890454         

Clique cuts applied:  103
Zero-half cuts applied:  49

Root node processing (before b&c):
  Real time             =   81.08 sec. (91269.96 ticks)
Sequential b&c:
  Real time             =  518.91 sec. (521194.84 ticks)
                          ------------
Total (root+branch&cut) =  599.99 sec. (612464.80 ticks)
Primal:	4
Dual:	300
Status:	Feasible
Time:	600.038
Sequence:
	12
	4
	12
	4
