Version identifier: 22.1.0.0 | 2022-03-09 | 1a383f8ce
CPXPARAM_Threads                                 1
CPXPARAM_MIP_Strategy_VariableSelect             3
CPXPARAM_TimeLimit                               599.99078574800001
Tried aggregator 1 time.
MIP Presolve eliminated 13 rows and 0 columns.
Reduced MIP has 2413 rows, 10400 columns, and 115678 nonzeros.
Reduced MIP has 10400 binaries, 0 generals, 0 SOSs, and 0 indicators.
Presolve time = 0.07 sec. (57.99 ticks)
Probing time = 0.01 sec. (7.52 ticks)
Tried aggregator 1 time.
Detecting symmetries...
Reduced MIP has 2413 rows, 10400 columns, and 115678 nonzeros.
Reduced MIP has 10400 binaries, 0 generals, 0 SOSs, and 0 indicators.
Presolve time = 0.08 sec. (70.98 ticks)
Probing time = 0.01 sec. (7.52 ticks)
Clique table members: 1596.
MIP emphasis: balance optimality and feasibility.
MIP search method: dynamic search.
Parallel mode: none, using 1 thread.
Root relaxation solution time = 2.28 sec. (2542.41 ticks)

        Nodes                                         Cuts/
   Node  Left     Objective  IInf  Best Integer    Best Bound    ItCnt     Gap

      0     0        0.0000  1760                      0.0000     5952         
      0     0        0.0000   861                    Cuts: 13    11655         
      0     0        0.0000   564                    Cuts: 12    12145         
      0     0        0.0000  1161                   Cuts: 170    18445         
      0     0        0.0000   460                     Cuts: 5    19515         
      0     0        0.0000   933                   Cuts: 144    25566         
      0     2        0.0000   500                      0.0000    25566         
Elapsed time = 75.14 sec. (83323.03 ticks, tree = 0.01 MB, solutions = 0)
      2     2        0.0000   750                      0.0000    30608         
      3     3        0.0000   795                      0.0000    37555         
      4     4        0.0000   726                      0.0000    38270         
      5     5        0.0000   681                      0.0000    42243         
      6     6        0.0000   807                      0.0000    53103         
      7     7        0.0000   776                      0.0000    53855         
      8     8        0.0000   923                      0.0000    65371         
      9     9        0.0000   780                      0.0000    65815         
     10    10        0.0000   976                      0.0000    78149         
     12    12        0.0000   973                      0.0000    92195         
Elapsed time = 112.20 sec. (123764.46 ticks, tree = 0.04 MB, solutions = 0)
     14    14        0.0000   831                      0.0000   104212         
     16    16        0.0000   969                      0.0000   108767         
     18    18        0.0000   959                      0.0000   115634         
     20    20        0.0000   730                      0.0000   116928         
     21    20        0.0000   893                      0.0000   122796         
     23    22        0.0000   965                      0.0000   124904         
     25    24        0.0000   979                      0.0000   128335         
     27    26        0.0000   946                      0.0000   129866         
     29    28        0.0000  1521                      0.0000   134446         
     30    29        0.0000  1094                      0.0000   140185         
Elapsed time = 144.25 sec. (158537.96 ticks, tree = 0.27 MB, solutions = 0)
     32    31        0.0000   948                      0.0000   140570         
     33    32        0.0000  1051                      0.0000   142669         
     35    33        0.0000  1349                      0.0000   150785         
     36    34        0.0000   933                      0.0000   150793         
     37    34        0.0000  1560                      0.0000   153262         
     39    36        0.0000   966                      0.0000   154749         
     40    37        0.0000   947                      0.0000   154917         
     42    39        0.0000  1016                      0.0000   159253         
     44    41        0.0000  1077                      0.0000   163011         
     46    43        0.0000   950                      0.0000   166662         
Elapsed time = 161.12 sec. (176792.66 ticks, tree = 0.60 MB, solutions = 0)
     48    45        0.0000   938                      0.0000   170198         
     50    47        0.0000  1127                      0.0000   174566         
     52    49        0.0000   857                      0.0000   177124         
     55    52        0.0000  1237                      0.0000   182936         
     57    54        0.0000  1021                      0.0000   185881         
     59    54        0.0000  1021                      0.0000   189402         
     60    55        0.0000  1035                      0.0000   190371         
     62    57        0.0000  1052                      0.0000   191477         
     64    59        0.0000  1108                      0.0000   193706         
     66    61        0.0000  1063                      0.0000   196331         
Elapsed time = 176.71 sec. (193092.41 ticks, tree = 1.02 MB, solutions = 0)
     68    62        0.0000  1156                      0.0000   198078         
     70    64        0.0000  1028                      0.0000   199694         
     72    66        0.0000  1056                      0.0000   203743         
     75    69        0.0000  1021                      0.0000   205268         
     78    72        0.0000   992                      0.0000   211533         
     80    74        0.0000   987                      0.0000   214362         
     82    76        0.0000  1048                      0.0000   218824         
     84    78        0.0000   999                      0.0000   221418         
     86    80        0.0000  1024                      0.0000   224088         
     88    82        0.0000  1037                      0.0000   226239         
Elapsed time = 188.69 sec. (205501.36 ticks, tree = 1.51 MB, solutions = 0)
     90    84        0.0000   968                      0.0000   228949         
     92    86        0.0000   968                      0.0000   231617         
     94    88        0.0000   969                      0.0000   234153         
     96    90        0.0000   968                      0.0000   236026         
     98    92        0.0000   973                      0.0000   238479         
    100    94        0.0000   986                      0.0000   240309         
    102    96        0.0000   959                      0.0000   242407         
    104    98        0.0000   962                      0.0000   245039         
    106   100        0.0000   956                      0.0000   248412         
    108   102        0.0000   996                      0.0000   252459         
Elapsed time = 199.41 sec. (216494.05 ticks, tree = 1.97 MB, solutions = 0)
    111   105        0.0000   958                      0.0000   254077         
    113   107        0.0000   957                      0.0000   256194         
    116   110        0.0000  1011                      0.0000   261569         
    119   113        0.0000   905                      0.0000   264689         
    120   114        0.0000   936                      0.0000   270539         
    122   116        0.0000   957                      0.0000   273390         
    125   119        0.0000   915                      0.0000   274973         
    127   121        0.0000   917                      0.0000   277453         
    130   124        0.0000   911                      0.0000   279430         
    133   127        0.0000   917                      0.0000   283596         
Elapsed time = 212.22 sec. (228985.78 ticks, tree = 2.55 MB, solutions = 0)
    136   130        0.0000   910                      0.0000   286303         
    138   132        0.0000   922                      0.0000   290707         
    140   134        0.0000   883                      0.0000   293083         
    143   137        0.0000   875                      0.0000   296165         
    146   140        0.0000   915                      0.0000   299941         
    149   143        0.0000   875                      0.0000   301781         
    152   146        0.0000   875                      0.0000   303814         
    155   148        0.0000   909                      0.0000   310795         
    158   151        0.0000   863                      0.0000   311647         
    161   153        0.0000   912                      0.0000   317962         
Elapsed time = 228.42 sec. (244471.77 ticks, tree = 3.16 MB, solutions = 0)
    164   156        0.0000   818                      0.0000   322227         
    167   158        0.0000   816                      0.0000   325992         
    170   160        0.0000   814                      0.0000   328571         
    174   161        0.0000  1042                      0.0000   334328         
    177   163        0.0000   837                      0.0000   336616         
    180   165        0.0000   839                      0.0000   339836         
    183   166        0.0000   832                      0.0000   341370         
    186   169        0.0000   839                      0.0000   343940         
    189   171        0.0000   838                      0.0000   348253         
    192   173        0.0000   856                      0.0000   350965         
Elapsed time = 240.77 sec. (256046.57 ticks, tree = 3.68 MB, solutions = 0)
    196   176        0.0000   829                      0.0000   352618         
    199   179        0.0000   819                      0.0000   356897         
    202   181        0.0000   830                      0.0000   360228         
    205   182        0.0000   858                      0.0000   362949         
    206   182        0.0000   747                      0.0000   365725         
    209   185        0.0000   758                      0.0000   370013         
    212   187        0.0000   761                      0.0000   373845         
    215   190        0.0000   758                      0.0000   376899         
    218   191        0.0000   836                      0.0000   382118         
    222   194        0.0000   751                      0.0000   386303         
Elapsed time = 256.24 sec. (270075.39 ticks, tree = 4.14 MB, solutions = 0)
    233   202        0.0000   786                      0.0000   405235         
    244   212        0.0000   722                      0.0000   421351         
    256   219        0.0000   764                      0.0000   442020         
    267   228        0.0000   717                      0.0000   459221         
    277   235        0.0000   714                      0.0000   479048         
    287   239        0.0000   783                      0.0000   498960         
    298   244        0.0000   676                      0.0000   516074         
    308   251        0.0000   753                      0.0000   535948         
    320   260        0.0000   711                      0.0000   551262         
    333   266        0.0000   789                      0.0000   567381         
Elapsed time = 302.28 sec. (311146.19 ticks, tree = 5.83 MB, solutions = 0)
    345   274        0.0000   736                      0.0000   583980         
    357   284        0.0000   734                      0.0000   603725         
    368   290        0.0000   780                      0.0000   629097         
    379   299        0.0000   702                      0.0000   646077         
    380   299        0.0000   732                      0.0000   649107         
    392   308        0.0000   712                      0.0000   663085         
    403   315    infeasible                            0.0000   686557         
    414   322        0.0000   668                      0.0000   707511         
    426   332        0.0000   593                      0.0000   726261         
    435   339        0.0000   558                      0.0000   749663         
Elapsed time = 347.75 sec. (351207.00 ticks, tree = 7.54 MB, solutions = 0)
    444   346        0.0000   526                      0.0000   786186         
    453   351        0.0000   516                      0.0000   826157         
    458   346    infeasible                            0.0000   838100         
    461   347        0.0000   630                      0.0000   847115         
    471   350    infeasible                            0.0000   886785         
    487   350    infeasible                            0.0000   922549         
    503   352        0.0000   629                      0.0000   955923         
    521   351        0.0000   615                      0.0000   992676         
    537   351    infeasible                            0.0000  1032260         
    548   353        0.0000   665                      0.0000  1064378         
Elapsed time = 398.49 sec. (393581.29 ticks, tree = 7.85 MB, solutions = 0)
    563   354    infeasible                            0.0000  1097009         
    578   355    infeasible                            0.0000  1130646         
    594   355    infeasible                            0.0000  1164738         
    611   354    infeasible                            0.0000  1204745         
    618   353        0.0000   653                      0.0000  1249262         
    633   356    infeasible                            0.0000  1287225         
    645   356    infeasible                            0.0000  1331175         
    660   358        0.0000   622                      0.0000  1362189         
    673   358        0.0000   652                      0.0000  1398163         
    689   357    infeasible                            0.0000  1435603         
Elapsed time = 448.28 sec. (434178.36 ticks, tree = 7.97 MB, solutions = 0)
    702   358        0.0000   595                      0.0000  1471196         
    710   358    infeasible                            0.0000  1508670         
    721   359    infeasible                            0.0000  1555969         
    734   358        0.0000   624                      0.0000  1614009         
    745   361    infeasible                            0.0000  1651105         
    756   362    infeasible                            0.0000  1698649         
    766   361    infeasible                            0.0000  1734862         
    777   362    infeasible                            0.0000  1786090         
    787   363        0.0000   560                      0.0000  1832473         
    798   364        0.0000   552                      0.0000  1879300         
Elapsed time = 502.70 sec. (477609.34 ticks, tree = 8.11 MB, solutions = 0)
    810   363    infeasible                            0.0000  1928435         
    823   364    infeasible                            0.0000  1972657         
    837   364    infeasible                            0.0000  2020724         
    852   364    infeasible                            0.0000  2070617         
    863   364    infeasible                            0.0000  2124801         
    876   364    infeasible                            0.0000  2169607         
    884   364    infeasible                            0.0000  2206427         
    893   365        0.0000   545                      0.0000  2255529         
    904   364    infeasible                            0.0000  2313135         
    915   365    infeasible                            0.0000  2353180         
Elapsed time = 555.02 sec. (518114.02 ticks, tree = 8.16 MB, solutions = 0)
    928   363    infeasible                            0.0000  2403428         
    940   363    infeasible                            0.0000  2456327         
    952   363        0.0000   551                      0.0000  2498585         
    967   362    infeasible                            0.0000  2543809         
    979   362    infeasible                            0.0000  2598848         
    994   364    infeasible                            0.0000  2640130         
   1003   365        0.0000   608                      0.0000  2672665         
   1012   366        0.0000   557                      0.0000  2717876         

Clique cuts applied:  74
Zero-half cuts applied:  42
Lift and project cuts applied:  1
Gomory fractional cuts applied:  1

Root node processing (before b&c):
  Real time             =   74.94 sec. (83157.49 ticks)
Sequential b&c:
  Real time             =  525.06 sec. (470388.58 ticks)
                          ------------
Total (root+branch&cut) =  600.00 sec. (553546.07 ticks)
Primal:	4
Dual:	400
Status:	Feasible
Time:	600.058
Sequence:
	13
	6
	13
	6
