Version identifier: 22.1.0.0 | 2022-03-09 | 1a383f8ce
CPXPARAM_Threads                                 1
CPXPARAM_MIP_Strategy_VariableSelect             3
CPXPARAM_TimeLimit                               599.99225418799995
Tried aggregator 1 time.
MIP Presolve eliminated 13 rows and 0 columns.
Reduced MIP has 2408 rows, 8400 columns, and 97002 nonzeros.
Reduced MIP has 8400 binaries, 0 generals, 0 SOSs, and 0 indicators.
Presolve time = 0.06 sec. (48.10 ticks)
Probing time = 0.01 sec. (5.95 ticks)
Tried aggregator 1 time.
Detecting symmetries...
Reduced MIP has 2408 rows, 8400 columns, and 97002 nonzeros.
Reduced MIP has 8400 binaries, 0 generals, 0 SOSs, and 0 indicators.
Presolve time = 0.07 sec. (59.08 ticks)
Probing time = 0.01 sec. (5.95 ticks)
Clique table members: 1595.
MIP emphasis: balance optimality and feasibility.
MIP search method: dynamic search.
Parallel mode: none, using 1 thread.
Root relaxation solution time = 2.64 sec. (2816.66 ticks)

        Nodes                                         Cuts/
   Node  Left     Objective  IInf  Best Integer    Best Bound    ItCnt     Gap

      0     0        0.0000  1729                      0.0000     7129         
      0     0        0.0000   794                    Cuts: 13     8406         
      0     0        0.0000   440                 ZeroHalf: 3     8950         
      0     0        0.0000   697                    Cuts: 96    13299         
      0     0        0.0000   400                    Cuts: 10    14233         
      0     0        0.0000   612                    Cuts: 50    16116         
      0     2        0.0000   247                      0.0000    16116         
Elapsed time = 53.62 sec. (58204.39 ticks, tree = 0.01 MB, solutions = 0)
      1     3        0.0000   299                      0.0000    27939         
      2     4        0.0000   312                      0.0000    29847         
      3     5        0.0000   287                      0.0000    30346         
      4     6        0.0000   345                      0.0000    35565         
      5     7        0.0000   287                      0.0000    35668         
      6     8        0.0000   360                      0.0000    46490         
      7     9        0.0000   281                      0.0000    51871         
      8    10        0.0000   343                      0.0000    60837         
      9    11        0.0000   281                      0.0000    60838         
     11    13        0.0000   317                      0.0000    70240         
Elapsed time = 77.46 sec. (83700.67 ticks, tree = 0.07 MB, solutions = 0)
     14    16        0.0000   404                      0.0000    74459         
     15    17        0.0000   276                      0.0000    77708         
     16    18        0.0000   427                      0.0000    89373         
     17    19        0.0000   278                      0.0000    90403         
     18    20        0.0000   417                      0.0000    94051         
     20    22        0.0000   252                      0.0000    99550         
     21    23        0.0000   427                      0.0000   105426         
     23    25        0.0000   377                      0.0000   107580         
     25    27        0.0000   501                      0.0000   113040         
     27    29        0.0000   335                      0.0000   113196         
Elapsed time = 98.93 sec. (105794.77 ticks, tree = 0.23 MB, solutions = 0)
     29    31        0.0000   336                      0.0000   114418         
     30    31        0.0000   340                      0.0000   116269         
     32    33        0.0000   306                      0.0000   119682         
     33    34        0.0000   311                      0.0000   125176         
     35    36        0.0000   344                      0.0000   129226         
     37    38        0.0000   313                      0.0000   138752         
     38    39        0.0000   443                      0.0000   144182         
     40    41        0.0000   381                      0.0000   150001         
     41    42        0.0000   315                      0.0000   152589         
     42    43        0.0000   605                      0.0000   157556         
Elapsed time = 137.37 sec. (144928.65 ticks, tree = 0.42 MB, solutions = 0)
     44    45        0.0000   313                      0.0000   163522         
     46    47        0.0000   307                      0.0000   165735         
     47    48        0.0000   326                      0.0000   170030         
     49    50        0.0000   587                      0.0000   176438         
     51    52        0.0000   602                      0.0000   183572         
     52    53        0.0000   323                      0.0000   190174         
     53    54        0.0000   301                      0.0000   196938         
     54    55        0.0000   582                      0.0000   204043         
     56    57        0.0000   605                      0.0000   208528         
     58    59        0.0000   657                      0.0000   215114         
Elapsed time = 166.63 sec. (174815.23 ticks, tree = 0.52 MB, solutions = 0)
     60    61        0.0000   281                      0.0000   222601         
     61    62        0.0000   425                      0.0000   233368         
     62    63        0.0000   271                      0.0000   236482         
     63    64        0.0000   597                      0.0000   241713         
     65    66        0.0000   660                      0.0000   250390         
     66    67        0.0000   274                      0.0000   252351         
     67    68        0.0000   249                      0.0000   260097         
     69    70        0.0000   262                      0.0000   261488         
     70    70        0.0000  1067                      0.0000   276849         
     71    71        0.0000   258                      0.0000   281277         
Elapsed time = 195.80 sec. (205183.64 ticks, tree = 0.56 MB, solutions = 0)
     72    72        0.0000   591                      0.0000   288396         
     73    73        0.0000   257                      0.0000   290164         
     74    74        0.0000   296                      0.0000   293565         
     76    76        0.0000   254                      0.0000   296071         
     79    79        0.0000   734                      0.0000   301033         
     81    81        0.0000   482                      0.0000   311864         
     82    82        0.0000   856                      0.0000   318050         
     83    83        0.0000   875                      0.0000   329703         
     84    84        0.0000   644                      0.0000   336149         
     85    85        0.0000   883                      0.0000   337637         
Elapsed time = 220.71 sec. (231767.61 ticks, tree = 0.61 MB, solutions = 0)
     87    87        0.0000   617                      0.0000   338205         
     88    88        0.0000   831                      0.0000   340139         
     90    90        0.0000   680                      0.0000   341201         
     92    92        0.0000   634                      0.0000   343696         
     94    94        0.0000   605                      0.0000   344421         
     95    95        0.0000   612                      0.0000   352292         
     97    97        0.0000   799                      0.0000   362249         
    100   100        0.0000   606                      0.0000   365237         
    102   102        0.0000   606                      0.0000   369876         
    104   104        0.0000   754                      0.0000   376545         
Elapsed time = 238.48 sec. (250565.75 ticks, tree = 0.68 MB, solutions = 0)
    107   107        0.0000   629                      0.0000   379495         
    110   110        0.0000   864                      0.0000   390286         
    112   112        0.0000   704                      0.0000   398203         
    115   115        0.0000   618                      0.0000   402088         
    117   117        0.0000   660                      0.0000   407041         
    118   118        0.0000   712                      0.0000   415405         
    120   120        0.0000   714                      0.0000   422110         
    123   123        0.0000   709                      0.0000   429984         
    126   126        0.0000   748                      0.0000   435492         
    129   129        0.0000   652                      0.0000   438410         
Elapsed time = 257.71 sec. (267959.46 ticks, tree = 0.76 MB, solutions = 0)
    132   132        0.0000   712                      0.0000   449727         
    135   135        0.0000   638                      0.0000   452443         
    137   137        0.0000   637                      0.0000   457632         
    140   140        0.0000   640                      0.0000   461153         
    143   143        0.0000   728                      0.0000   465597         
    145   145        0.0000   722                      0.0000   470238         
    148   148        0.0000   716                      0.0000   483580         
    151   151        0.0000   802                      0.0000   489294         
    154   154        0.0000   637                      0.0000   492951         
    157   157        0.0000   794                      0.0000   498677         
Elapsed time = 273.50 sec. (282525.30 ticks, tree = 0.86 MB, solutions = 0)
    159   159        0.0000   781                      0.0000   504840         
    160   160        0.0000   606                      0.0000   504883         
    162   162        0.0000   608                      0.0000   510313         
    164   164        0.0000   613                      0.0000   515297         
    166   166        0.0000   631                      0.0000   527475         
    168   168        0.0000   775                      0.0000   537854         
    171   171        0.0000   600                      0.0000   540828         
    173   173        0.0000   602                      0.0000   547006         
    175   175        0.0000   667                      0.0000   551992         
    182   182        0.0000   604                      0.0000   578806         
Elapsed time = 289.69 sec. (297128.86 ticks, tree = 0.95 MB, solutions = 0)
    189   189        0.0000   581                      0.0000   602804         
    196   196        0.0000   694                      0.0000   630387         
    203   203        0.0000   582                      0.0000   653858         
    207   207        0.0000   784                      0.0000   683655         
    214   214        0.0000   591                      0.0000   704687         
    219   219        0.0000   525                      0.0000   727204         
    227   227        0.0000   666                      0.0000   764442         
    232   232        0.0000   876                      0.0000   799707         
    240   240        0.0000   539                      0.0000   834517         
    246   246        0.0000   777                      0.0000   869802         
Elapsed time = 338.81 sec. (340403.12 ticks, tree = 1.17 MB, solutions = 0)
    252   252        0.0000   720                      0.0000   908042         
    258   258        0.0000   674                      0.0000   948769         
    262   262        0.0000   778                      0.0000   982648         
    268   268        0.0000   785                      0.0000  1015036         
    273   273        0.0000   492                      0.0000  1043129         
    278   278        0.0000   726                      0.0000  1074747         
    280   280        0.0000   559                      0.0000  1085568         
    286   285        0.0000   805                      0.0000  1128665         
    293   292        0.0000   540                      0.0000  1156852         
    299   298        0.0000   543                      0.0000  1192796         
Elapsed time = 395.08 sec. (389445.81 ticks, tree = 1.37 MB, solutions = 0)
    302   301        0.0000   582                      0.0000  1218794         
    308   307        0.0000   746                      0.0000  1252887         
    314   313        0.0000   616                      0.0000  1285625         
    320   319        0.0000   632                      0.0000  1311370         
    328   327        0.0000   667                      0.0000  1347296         
    334   333        0.0000   574                      0.0000  1374568         
    343   340        0.0000   596                      0.0000  1404576         
    351   348        0.0000   755                      0.0000  1431184         
    357   354        0.0000   730                      0.0000  1451768         
    368   361    infeasible                            0.0000  1480665         
Elapsed time = 443.98 sec. (431951.75 ticks, tree = 1.60 MB, solutions = 0)
    372   363    infeasible                            0.0000  1512607         
    380   371        0.0000   678                      0.0000  1547053         
    389   378        0.0000   605                      0.0000  1578446         
    398   385        0.0000   727                      0.0000  1614516         
    408   391        0.0000   736                      0.0000  1646656         
    416   397        0.0000   704                      0.0000  1682948         
    424   405        0.0000   703                      0.0000  1709138         
    430   411        0.0000   532                      0.0000  1736674         
    435   414        0.0000   742                      0.0000  1778928         
    439   418        0.0000   758                      0.0000  1806667         
Elapsed time = 493.89 sec. (474701.80 ticks, tree = 1.79 MB, solutions = 0)
    447   426        0.0000   652                      0.0000  1837990         
    455   434        0.0000   583                      0.0000  1871710         
    463   440        0.0000   569                      0.0000  1904247         
    469   446        0.0000   625                      0.0000  1940687         
    472   447        0.0000   537                      0.0000  1967285         
    477   450    infeasible                            0.0000  1994826         
    482   455        0.0000   636                      0.0000  2020905         
    491   464        0.0000   627                      0.0000  2047688         
    498   471        0.0000   587                      0.0000  2082357         
    503   476        0.0000   587                      0.0000  2108746         
Elapsed time = 541.19 sec. (514990.96 ticks, tree = 2.00 MB, solutions = 0)
    510   483        0.0000   494                      0.0000  2148833         
    517   488    infeasible                            0.0000  2196098         
    525   496        0.0000   560                      0.0000  2230602         
    533   502        0.0000   538                      0.0000  2278813         
    541   506    infeasible                            0.0000  2321953         
    546   509        0.0000   644                      0.0000  2352019         
    550   509    infeasible                            0.0000  2395396         
    551   510        0.0000   385                      0.0000  2406110         
    554   513        0.0000   370                      0.0000  2425523         
    558   517        0.0000   377                      0.0000  2444453         
Elapsed time = 590.84 sec. (558351.02 ticks, tree = 2.17 MB, solutions = 0)

Clique cuts applied:  40
Zero-half cuts applied:  43

Root node processing (before b&c):
  Real time             =   53.50 sec. (58103.22 ticks)
Sequential b&c:
  Real time             =  546.50 sec. (509456.41 ticks)
                          ------------
Total (root+branch&cut) =  600.00 sec. (567559.63 ticks)
Primal:	4
Dual:	400
Status:	Feasible
Time:	600.055
Sequence:
	8
	5
	8
	5
