Version identifier: 22.1.0.0 | 2022-03-09 | 1a383f8ce
CPXPARAM_Threads                                 1
CPXPARAM_MIP_Strategy_VariableSelect             3
CPXPARAM_TimeLimit                               599.981318719
Tried aggregator 1 time.
MIP Presolve eliminated 39 rows and 0 columns.
Reduced MIP has 5486 rows, 12500 columns, and 330898 nonzeros.
Reduced MIP has 12500 binaries, 0 generals, 0 SOSs, and 0 indicators.
Presolve time = 0.15 sec. (120.47 ticks)
Found incumbent of value 0.000000 after 0.47 sec. (363.55 ticks)

Root node processing (before b&c):
  Real time             =    0.47 sec. (364.04 ticks)
Sequential b&c:
  Real time             =    0.00 sec. (0.00 ticks)
                          ------------
Total (root+branch&cut) =    0.47 sec. (364.04 ticks)
Primal:	500
Dual:	500
Status:	Optimal
Time:	0.615883
Sequence:
	10
	8
	19
	13
	21
	1
	1
	0
	15
	23
	19
	23
	8
	7
	0
	1
	20
	19
	7
	13
	10
	20
	8
	23
	1
	8
	15
	18
	23
	17
	3
	22
	7
	1
	7
	24
	18
	7
	24
	6
	19
	19
	8
	19
	23
	24
	10
	15
	10
	7
	15
	21
	15
	19
	7
	11
	8
	8
	19
	2
	24
	8
	13
	15
	15
	15
	24
	0
	17
	23
	7
	19
	8
	24
	0
	15
	13
	23
	15
	8
	8
	8
	8
	1
	19
	11
	23
	8
	7
	24
	19
	23
	7
	17
	19
	17
	23
	19
	19
	13
	20
	8
	3
	8
	19
	0
	15
	5
	3
	8
	8
	23
	1
	1
	2
	23
	8
	8
	17
	11
	22
	8
	3
	23
	15
	7
	14
	5
	18
	23
	15
	11
	4
	19
	21
	19
	0
	8
	13
	19
	17
	20
	0
	1
	13
	8
	0
	7
	23
	15
	19
	8
	11
	17
	7
	0
	9
	10
	8
	7
	15
	21
	8
	19
	0
	15
	0
	15
	17
	7
	10
	23
	15
	12
	13
	11
	8
	15
	1
	7
	15
	7
	11
	17
	8
	23
	15
	10
	19
	8
	7
	8
	19
	15
	1
	23
	20
	8
	20
	18
	7
	24
	17
	15
	24
	19
	18
	9
	19
	11
	8
	21
	15
	21
	1
	22
	7
	23
	23
	5
	19
	21
	15
	13
	6
	19
	15
	24
	1
	20
	8
	1
	19
	23
	20
	7
	24
	23
	7
	20
	20
	10
	23
	3
	5
	18
	15
	1
	8
	7
	15
	8
	23
	10
	18
	8
	0
	15
	22
	7
	8
	7
	15
	6
	19
	15
	7
	19
	18
	17
	21
	1
	0
	10
	23
	10
	15
	1
	23
	15
	15
	8
	21
	7
	23
	10
	1
	20
	20
	1
	8
	10
	2
	24
	1
	18
	7
	15
	7
	10
	10
	2
	3
	19
	1
	13
	10
	19
	20
	19
	4
	23
	15
	7
	19
	15
	18
	3
	7
	1
	18
	15
	13
	0
	15
	8
	15
	8
	13
	23
	7
	23
	18
	8
	1
	1
	21
	12
	3
	15
	11
	19
	20
	8
	1
	19
	0
	1
	5
	13
	0
	19
	23
	6
	8
	10
	0
	15
	19
	24
	24
	7
	1
	23
	9
	15
	9
	23
	19
	7
	7
	13
	8
	19
	15
	10
	20
	1
	17
	10
	19
	19
	15
	20
	8
	13
	19
	15
	0
	4
	19
	7
	18
	16
	11
	8
	1
	15
	13
	18
	19
	3
	1
	19
	13
	11
	8
	1
	7
	1
	17
	11
	19
	11
	15
	15
	1
	7
	23
	11
	8
	23
	11
	15
	15
	19
	23
	19
	1
	23
	15
	19
	0
	20
	8
	11
	15
	18
	15
	8
	8
	24
	8
	13
	10
	13
	7
	23
	2
	15
	15
	1
	23
	9
	10
	15
	19
	23
	8
	23
	22
	5
	8
	7
	3
	15
	10
	8
	11
	15
	17
	15
	3
	23
	19
	19
	13
	13
	8
	14
	15
	18
	8
	11
	8
	23
	7
	24
	5
	23
	8
	8
	1
	3
	7
	23
	7
	20
	8
	19
