289
3.82275
14
12
0
14
18
19
14
18
1
14
0
12
14
0
12
4
3
6
13
1
3
13
1
3
13
1
2
13
1
5
13
1
3
13
1
3
13
1
3
7
19
4
17
12
4
6
15
11
2
15
11
5
0
12
4
0
12
14
5
19
7
3
16
18
3
19
4
18
19
4
17
12
4
3
12
4
3
12
4
3
18
16
5
17
12
4
17
12
5
14
19
7
17
16
7
3
16
7
17
16
18
3
8
12
0
4
10
2
8
10
2
8
10
2
4
10
2
8
10
2
4
10
2
5
10
8
6
10
0
2
11
15
5
4
10
5
5
10
8
5
6
11
2
0
11
6
2
10
6
4
17
12
4
17
1
13
17
2
8
10
6
0
11
2
1
14
18
15
14
18
19
14
7
19
14
7
2
8
10
2
6
13
3
15
4
17
0
16
7
17
16
18
3
16
7
17
5
13
2
1
11
2
15
11
2
15
3
13
1
5
11
1
6
11
0
1
18
14
19
18
14
19
7
14
19
18
4
17
1
13
17
15
7
14
1
7
14
1
5
2
18
14
0
12
14
0
2
10
4
5
10
8
5
10
8
5
10
4
2
15
11
2
15
11
6
15
11
0
1
13
3
5
15
11
0
5
10
8
2
10
8
6
19
18
14
2
6
15
11
