280
4.55142
19
15
4
19
15
0
19
15
4
11
14
18
11
14
4
9
15
7
9
10
0
0
13
8
0
13
6
12
13
3
8
13
4
8
18
4
8
7
18
11
14
1
9
14
4
6
15
7
5
8
0
5
16
2
3
16
12
3
13
8
3
13
8
0
7
15
6
3
17
1
6
14
1
6
14
0
9
10
4
19
10
3
6
7
12
6
13
2
6
13
3
8
13
0
8
13
3
8
13
4
2
16
5
0
16
2
5
16
12
5
16
12
0
11
15
7
9
10
7
9
10
7
9
10
7
9
15
7
11
10
7
11
10
7
9
10
4
19
15
4
11
15
0
11
14
1
9
2
18
19
12
18
6
14
18
6
14
5
6
18
17
3
6
17
18
6
14
18
11
14
18
11
14
1
9
2
4
6
14
18
5
8
0
18
14
11
18
2
11
18
12
6
13
3
8
13
4
6
15
7
4
10
19
5
1
12
11
7
15
0
19
3
2
6
13
2
0
16
4
2
19
18
2
9
18
2
19
3
10
9
4
15
11
0
12
16
3
2
18
19
2
18
9
12
1
11
12
3
19
10
3
3
16
12
0
16
12
3
6
15
7
11
15
0
11
1
14
11
18
14
4
11
15
7
11
12
7
1
8
7
