479
7.10326
18
17
5
12
16
4
12
7
2
11
7
1
19
3
1
13
18
0
13
18
0
1
18
13
0
5
8
1
5
10
13
1
18
13
1
18
13
2
18
14
16
4
6
17
18
14
9
11
6
16
10
15
2
9
14
18
0
16
19
1
16
18
14
9
11
14
7
4
12
7
10
5
12
7
1
18
13
1
11
6
17
18
6
5
0
12
7
10
15
5
9
14
18
16
6
3
4
16
14
11
17
6
11
9
6
11
17
2
19
3
7
10
15
17
4
2
13
1
4
15
17
2
11
13
5
10
15
9
10
3
13
5
2
13
11
0
2
11
13
1
5
13
11
1
13
18
2
13
11
1
2
19
17
3
14
2
18
9
14
18
17
0
0
8
0
5
18
14
9
11
14
9
18
14
7
11
14
9
18
14
7
18
14
2
17
11
14
7
11
14
2
7
18
6
17
4
12
16
1
19
3
9
10
15
9
1
15
10
7
15
10
16
14
18
17
5
19
2
7
2
18
13
1
11
0
13
11
5
9
12
4
17
15
4
17
15
10
2
7
12
4
17
5
15
17
4
12
16
0
11
6
17
18
14
16
10
3
13
10
0
12
16
1
11
17
6
4
16
12
0
0
16
12
5
1
11
13
1
11
14
16
0
19
3
1
19
16
2
6
10
7
15
10
5
12
7
1
11
13
2
3
19
16
0
12
9
10
15
7
1
18
13
1
18
1
13
3
2
19
7
1
11
14
9
10
6
7
10
6
17
11
6
16
4
15
9
10
15
9
4
15
1
7
14
11
16
6
10
3
7
6
10
16
12
4
5
12
4
2
12
16
10
3
13
4
3
16
19
5
3
19
5
0
8
5
2
11
14
7
11
0
13
11
1
2
3
13
2
11
13
0
10
3
16
14
11
1
16
19
3
7
19
3
17
4
15
0
17
6
18
7
5
19
17
3
19
5
2
8
1
0
15
7
4
15
7
10
0
14
11
9
14
4
17
2
19
16
3
6
10
16
14
11
0
13
18
1
7
12
4
17
15
4
9
15
10
16
12
5
17
11
6
16
2
19
3
5
19
3
16
14
18
0
1
19
3
7
14
18
