475
5.92785
16
13
7
16
9
7
3
2
8
7
13
16
0
0
19
4
11
2
14
11
19
4
3
8
9
18
5
19
12
7
1
18
9
15
18
9
1
3
9
1
11
13
6
11
17
6
5
9
16
7
2
16
4
7
16
17
7
3
0
9
15
3
17
7
16
2
4
16
2
6
15
13
7
16
6
13
15
3
4
5
19
12
6
8
2
12
7
19
12
0
15
13
18
8
13
18
15
0
12
19
7
6
12
19
5
18
8
2
18
15
2
12
1
5
17
18
8
17
11
0
13
15
3
9
1
11
9
8
18
9
8
3
4
15
3
17
1
7
12
2
5
4
16
2
14
8
18
13
7
8
9
6
15
9
3
5
19
12
7
2
14
16
2
4
16
2
14
16
6
17
11
1
17
18
1
14
11
19
14
11
19
6
12
19
6
18
19
4
11
7
17
8
3
5
1
12
2
8
3
9
8
6
11
19
4
3
1
6
12
1
5
17
1
3
13
15
3
13
6
16
13
0
16
4
7
11
17
8
18
17
15
18
9
1
0
11
19
14
11
19
14
11
19
6
12
19
5
18
19
4
3
8
4
11
2
14
8
3
14
19
3
5
1
12
6
5
10
0
7
13
16
7
13
1
3
5
19
11
14
2
8
18
2
1
11
13
0
0
10
5
6
16
13
6
16
4
5
7
10
7
0
2
12
0
19
12
7
19
5
3
13
8
0
12
2
5
0
10
6
6
19
11
4
2
16
14
2
16
7
9
7
8
9
3
8
9
18
15
2
11
14
19
11
4
2
11
4
2
11
14
19
11
14
2
15
14
2
15
3
17
8
3
4
8
18
9
15
18
14
19
11
4
15
3
14
2
16
0
17
8
18
4
1
0
13
16
0
9
6
16
9
5
0
19
12
6
19
4
3
5
17
5
1
2
3
8
6
17
16
6
13
1
11
13
7
16
0
14
16
2
0
12
19
6
12
1
5
17
3
1
17
18
8
9
3
15
17
18
5
17
11
1
5
2
12
0
5
9
16
6
13
16
7
9
18
8
13
3
8
13
18
5
19
12
6
19
12
7
1
11
4
8
3
9
8
