477
18.4841
11
5
17
6
5
8
10
5
8
18
5
8
0
14
17
1
14
17
3
0
13
10
4
11
14
4
9
3
19
3
9
15
0
1
16
4
11
7
15
11
6
17
13
0
4
16
1
4
10
13
6
17
13
18
7
19
6
9
15
18
2
17
13
18
3
13
17
6
13
17
3
14
7
12
5
0
8
16
2
12
5
10
1
19
7
11
14
4
9
5
4
9
14
0
8
16
3
11
4
16
3
11
7
19
2
9
15
3
9
15
18
1
17
14
3
17
13
18
4
9
6
19
3
9
4
5
9
3
4
16
1
2
19
1
10
5
0
8
10
14
4
9
3
19
1
0
15
11
7
19
3
9
14
0
4
9
14
0
8
16
3
1
19
3
0
13
6
17
13
2
17
13
0
4
16
3
11
14
0
1
10
15
11
3
17
13
6
17
1
14
17
3
13
0
4
9
5
0
8
16
2
12
2
16
8
0
5
0
8
2
16
8
0
5
10
1
19
7
18
15
9
3
19
1
18
5
11
4
16
1
0
15
10
1
19
3
9
2
19
7
11
5
17
1
18
5
8
2
10
15
11
3
19
1
18
15
11
6
10
15
11
2
17
13
0
2
16
8
0
7
19
1
18
15
11
3
17
13
3
17
5
0
8
5
10
8
0
14
17
1
14
10
8
14
10
8
18
5
8
18
3
13
17
2
11
15
10
1
19
7
18
15
11
2
16
4
1
16
4
0
14
11
3
16
8
0
14
11
4
16
2
11
14
17
1
5
17
1
5
17
1
14
17
1
18
15
11
6
19
7
11
15
0
1
18
15
11
6
15
9
6
15
9
6
15
9
6
19
1
10
15
11
2
16
3
11
7
15
11
7
18
15
9
6
19
2
9
5
4
11
14
17
1
18
15
11
7
19
1
10
15
11
3
16
4
11
14
0
8
16
3
11
14
17
1
18
15
9
6
19
1
10
5
12
7
18
15
11
6
17
13
6
10
8
5
18
8
10
14
12
2
16
8
0
5
8
10
14
11
4
10
13
0
3
17
13
6
17
5
11
4
16
3
11
3
16
4
1
18
15
9
6
19
1
10
14
12
