485
14.0077
17
4
8
17
4
8
3
11
1
3
12
4
19
8
13
16
6
10
5
18
9
8
0
10
6
18
3
14
12
7
10
0
7
9
12
1
10
6
7
17
14
6
18
9
8
18
9
1
0
10
8
0
9
8
5
17
14
7
17
4
2
1
15
0
2
15
1
0
10
6
18
15
2
18
9
1
16
9
2
18
3
4
12
1
15
7
0
14
19
0
14
2
17
8
4
17
6
14
3
18
5
15
18
6
10
2
16
3
4
18
2
9
12
1
19
4
6
17
14
7
17
13
2
17
4
1
19
13
18
3
4
18
3
14
7
17
1
13
17
5
14
17
6
2
10
12
7
15
6
18
15
7
18
5
9
8
18
9
6
18
10
5
16
7
15
12
2
10
6
18
9
2
12
15
7
0
9
8
0
15
8
5
15
0
8
15
7
12
7
15
8
0
10
5
16
15
2
0
19
14
0
19
7
12
15
7
6
17
4
6
16
15
7
6
15
16
5
9
12
7
10
16
5
15
7
12
14
3
12
7
15
12
5
15
2
7
17
8
13
19
2
12
10
2
18
3
13
12
7
14
17
6
7
11
19
2
14
3
12
13
19
16
6
15
0
8
10
0
1
4
2
18
19
4
12
3
13
16
19
4
7
19
14
0
19
13
12
7
10
12
2
19
13
1
17
13
6
17
14
5
18
3
1
11
3
2
18
15
6
18
9
7
12
10
7
16
13
19
7
11
3
8
11
3
1
13
17
6
13
1
17
13
5
18
9
8
18
9
8
5
11
19
2
11
3
6
18
10
8
0
9
6
16
9
6
16
10
7
12
13
19
16
4
19
0
14
3
18
13
19
12
4
8
0
10
6
18
4
3
2
11
3
7
16
14
3
12
4
19
18
4
19
0
14
3
0
14
19
16
13
5
17
1
13
16
5
15
18
6
10
7
16
15
7
16
4
3
18
6
9
18
8
3
11
5
19
11
2
19
0
14
19
0
4
19
12
4
3
12
7
9
16
8
9
0
1
10
18
2
9
12
5
9
18
6
19
13
8
17
13
5
12
15
1
0
3
14
1
17
4
5
17
8
4
17
7
14
17
2
1
13
17
1
13
17
