469
17.6154
18
10
6
5
19
15
2
19
15
2
19
13
17
1
18
6
10
9
6
1
18
2
5
11
3
12
14
5
10
18
17
0
7
8
0
2
11
12
16
11
4
16
11
12
0
17
19
2
15
19
0
15
19
2
15
7
4
5
11
16
1
14
16
4
14
16
10
4
11
16
1
0
9
6
0
18
17
1
18
0
2
11
4
16
11
4
0
14
16
4
14
13
12
14
13
2
11
12
13
7
17
16
19
6
5
9
0
2
8
7
0
15
19
5
15
12
7
15
12
7
15
12
7
15
2
7
15
1
7
17
13
19
17
13
19
17
2
9
1
5
14
13
12
11
3
4
14
1
16
11
2
1
18
6
1
9
17
10
18
0
17
7
3
10
14
16
4
11
2
3
19
17
16
19
6
5
18
10
6
7
16
12
11
3
10
14
4
16
14
4
16
14
10
5
11
3
12
7
17
1
18
6
5
9
0
6
9
10
5
18
17
2
19
15
5
10
9
6
10
9
6
0
9
1
17
18
0
1
14
16
12
14
13
5
14
10
4
15
7
12
3
14
12
16
11
2
4
15
7
12
15
2
19
13
17
7
13
17
10
18
0
6
18
10
17
9
0
2
8
7
5
15
19
0
17
9
1
2
14
12
16
11
4
13
7
17
3
19
17
2
19
15
2
12
14
16
1
14
16
10
14
13
12
14
2
1
18
2
17
18
1
6
9
10
6
9
2
0
8
7
0
8
7
2
3
11
5
10
18
17
5
19
0
16
14
12
3
5
19
15
5
10
14
3
12
11
3
0
1
9
6
10
9
6
1
9
2
10
9
0
17
19
13
17
7
12
15
7
12
15
7
4
16
11
12
13
14
12
3
14
2
5
18
6
0
19
15
0
19
15
2
7
8
0
5
19
6
16
7
1
16
14
4
5
11
3
10
14
3
12
7
15
5
12
14
2
4
15
7
4
16
0
14
10
2
11
4
1
0
18
17
1
9
2
17
19
5
13
19
17
5
19
0
3
14
12
13
14
1
0
18
17
0
18
5
6
9
10
17
13
19
0
2
14
16
12
2
15
19
