284
4.62826
17
18
3
17
18
2
4
8
11
4
8
11
3
9
16
7
9
16
2
18
0
14
10
0
6
15
1
17
3
15
1
17
3
9
12
4
1
12
4
9
7
17
1
7
17
1
15
16
9
7
17
1
2
12
1
2
5
13
14
3
11
8
5
11
5
1
17
7
9
16
15
3
17
18
3
14
13
2
6
13
4
14
13
5
14
13
2
3
17
18
3
17
7
9
16
3
15
1
16
15
3
8
11
4
8
11
4
9
12
2
4
12
2
1
17
7
3
17
18
2
16
1
7
16
9
3
12
9
4
0
19
4
5
8
11
4
8
11
3
10
0
15
8
0
15
8
5
11
8
5
11
6
10
0
7
10
6
11
10
14
5
0
10
7
5
16
9
5
6
13
4
6
13
4
2
13
6
5
13
5
6
15
0
8
15
0
14
18
0
6
10
0
15
8
4
11
6
2
13
14
4
13
5
6
11
4
9
6
11
10
6
11
10
6
11
5
2
12
9
4
12
9
5
12
1
4
11
8
4
5
13
2
6
13
4
14
0
18
14
0
18
2
16
15
1
16
15
1
17
5
7
8
0
15
10
0
15
1
17
7
5
16
18
3
14
10
0
14
18
0
6
18
0
6
9
0
5
18
16
2
18
3
16
15
