283
2.97904
11
8
5
11
8
5
10
19
2
6
0
9
6
0
9
7
16
12
7
13
11
4
17
11
7
0
9
10
1
9
0
4
11
8
1
11
8
4
11
8
5
6
15
2
16
15
7
2
19
10
5
12
16
5
12
16
5
9
13
6
15
0
18
1
19
18
7
19
10
7
9
16
5
9
16
7
2
19
6
2
3
7
10
0
12
6
0
9
7
16
3
2
10
19
4
4
17
11
1
17
15
6
17
15
10
17
3
7
16
12
7
16
9
1
16
12
1
10
9
0
6
9
13
6
2
15
0
10
2
19
10
2
15
16
5
9
1
10
19
2
10
3
13
18
15
13
18
3
1
16
12
1
16
2
3
7
0
18
15
13
2
11
4
17
6
15
8
6
3
17
10
3
8
6
3
17
6
3
13
18
15
13
18
7
15
14
1
3
8
5
11
8
5
11
8
5
11
2
5
11
8
5
11
2
5
16
9
7
16
9
4
16
9
4
5
9
16
5
9
13
10
12
13
1
12
10
13
9
10
13
9
6
13
3
18
1
19
4
18
3
13
2
11
4
8
10
3
8
6
3
8
6
3
4
18
0
3
18
13
15
18
13
4
9
6
13
2
11
13
2
11
1
8
3
6
17
3
6
17
15
1
18
19
