475
16.6657
18
2
0
18
0
2
18
3
9
4
18
3
9
15
6
11
15
9
19
13
8
11
13
8
7
5
2
16
15
9
16
5
8
19
5
1
11
17
1
10
17
1
11
2
1
10
5
9
19
15
2
10
15
2
16
3
12
4
3
18
2
0
18
3
9
7
13
8
10
13
8
10
3
2
18
0
2
18
6
2
15
19
9
15
16
0
17
10
3
12
7
3
9
18
4
3
14
5
6
14
4
13
10
8
5
16
8
5
10
1
17
11
1
17
16
1
17
7
1
17
11
4
12
19
0
17
16
0
17
7
1
17
11
3
12
19
4
12
16
0
1
17
19
1
13
9
1
19
13
8
10
13
9
19
1
13
9
19
13
8
10
4
8
13
7
8
13
4
14
5
3
14
5
4
9
18
0
3
14
5
0
1
17
11
1
17
0
6
14
13
0
8
7
5
1
10
17
1
6
10
8
13
11
8
13
0
6
18
0
4
14
13
6
14
6
5
9
3
15
10
2
15
19
9
15
10
4
15
9
7
15
9
7
15
9
7
1
17
19
1
13
3
14
5
4
9
18
0
2
18
0
3
14
5
6
14
5
6
14
4
3
12
16
4
12
16
6
12
4
11
5
8
10
5
9
1
5
10
8
5
4
14
4
5
7
9
15
4
10
17
1
16
17
0
4
9
18
0
3
14
5
3
10
15
9
16
13
8
19
13
6
14
13
0
1
17
11
1
17
0
7
9
15
11
4
12
7
0
17
10
1
17
7
1
17
10
4
12
7
0
15
3
0
17
10
1
17
11
1
13
19
8
13
7
8
0
5
14
6
13
9
16
15
2
0
5
14
3
5
14
6
6
12
16
6
17
10
1
17
0
19
8
5
11
1
17
19
0
5
14
4
0
18
9
3
5
14
6
0
18
0
3
12
19
0
8
11
13
1
9
16
15
9
19
15
2
10
5
8
11
5
8
10
6
12
7
6
15
2
11
15
9
16
15
9
7
15
9
7
15
0
3
14
5
6
8
5
11
8
5
6
14
13
6
2
18
3
2
18
4
6
12
6
10
17
0
4
18
6
3
14
5
0
16
12
