279
6.19961
12
17
1
8
3
13
11
9
7
0
6
16
4
11
5
16
12
7
13
6
9
2
11
9
2
11
4
16
11
4
13
6
16
15
6
10
2
12
10
5
15
6
10
15
6
17
7
12
13
3
12
7
16
8
13
0
10
14
2
10
4
6
17
13
12
3
2
12
16
18
8
3
13
14
10
5
7
19
15
1
17
8
7
10
11
2
9
2
11
10
0
8
16
1
8
10
2
12
0
17
12
2
3
11
15
3
11
5
15
19
13
5
19
15
18
19
4
1
19
15
1
19
1
4
10
11
4
18
19
18
0
9
6
0
10
14
2
10
8
1
0
12
10
7
8
10
13
6
10
7
1
19
15
5
16
14
5
18
19
15
1
0
9
6
13
9
6
1
4
17
6
15
16
6
4
17
18
14
3
0
11
15
17
6
4
13
19
15
7
19
13
15
6
10
5
12
5
10
15
6
16
4
11
17
2
6
9
13
6
9
5
11
16
4
11
5
3
12
1
16
5
8
17
18
8
16
5
15
19
1
18
19
4
18
11
10
5
8
1
3
12
18
3
12
7
10
8
1
10
8
2
18
9
6
7
10
8
2
16
8
1
17
8
2
1
19
15
1
19
18
4
11
16
2
12
2
16
11
4
