287
3.8516
9
5
5
15
14
10
15
11
10
15
3
14
6
4
14
6
4
7
17
4
7
17
2
13
5
17
7
4
17
3
4
17
7
10
17
13
10
0
15
11
5
15
7
1
16
19
8
16
7
17
2
16
19
8
5
13
17
2
7
18
2
11
15
5
2
12
6
3
13
17
10
16
19
8
16
19
1
2
15
11
3
18
7
8
15
3
8
19
4
5
19
12
0
19
12
3
10
13
17
3
16
7
8
15
7
8
15
7
8
5
18
14
10
15
11
5
18
11
10
15
5
14
15
2
11
15
3
14
0
18
1
3
6
12
10
7
17
16
2
8
15
3
11
18
0
14
2
18
14
2
18
3
11
18
3
14
6
5
12
19
3
1
13
6
1
13
6
2
14
15
0
14
6
16
14
6
16
1
6
13
2
17
16
3
19
4
8
3
5
13
17
10
13
1
0
19
12
5
19
12
5
7
18
1
7
16
17
7
4
8
19
5
12
19
0
16
19
1
16
7
8
15
5
11
15
3
11
18
0
14
16
6
14
0
15
11
5
18
8
5
13
1
0
15
11
0
18
11
3
18
14
10
18
11
10
6
12
7
3
12
6
7
16
17
10
7
17
16
0
1
19
16
1
19
3
12
19
5
1
15
10
7
15
1
5
15
14
