481
14.2395
15
16
7
15
13
4
17
3
1
18
3
1
18
3
12
0
10
14
9
10
2
12
10
15
12
3
14
11
3
7
18
1
7
18
19
7
18
19
7
18
19
5
18
19
7
18
12
3
18
12
3
18
5
19
14
6
19
2
6
9
2
10
9
14
4
1
18
4
19
2
0
13
17
0
16
2
0
16
5
2
9
3
4
18
19
4
2
11
0
2
10
9
17
7
3
18
1
3
18
12
3
17
11
3
2
9
10
17
9
10
14
12
10
15
1
10
15
1
3
18
5
19
18
7
19
14
6
19
2
0
13
17
0
16
2
0
13
14
0
6
19
15
6
12
2
10
9
14
10
12
2
10
5
1
18
3
1
18
3
1
18
3
7
2
16
0
14
16
0
14
13
0
5
11
8
5
11
8
7
4
18
19
7
14
13
0
14
10
12
15
10
12
15
10
12
15
10
12
15
10
1
4
18
3
1
18
4
19
18
5
19
18
5
19
6
15
3
12
15
10
12
14
10
9
14
10
12
15
6
19
2
0
11
3
15
6
19
2
0
13
14
0
13
5
17
19
6
2
4
19
18
7
1
8
6
12
3
2
9
10
2
7
16
2
0
19
17
0
19
7
15
11
3
5
15
16
5
2
10
9
14
5
13
17
0
19
5
18
19
4
15
13
4
0
11
17
0
11
3
15
6
12
8
6
1
8
6
12
8
6
12
17
10
9
14
4
11
8
4
11
0
14
13
0
14
13
4
14
11
3
0
11
14
3
11
15
3
7
18
12
3
18
12
5
8
1
6
8
12
5
8
11
5
8
11
5
8
6
1
17
0
13
17
0
16
17
0
13
2
0
6
19
17
0
1
10
15
12
10
17
9
6
17
19
5
18
19
4
17
6
9
17
10
1
15
4
13
0
2
16
5
14
13
0
2
16
0
17
13
4
15
16
7
4
18
19
4
18
1
3
17
11
0
17
13
5
17
6
9
14
10
1
15
10
12
15
4
11
8
4
11
8
4
11
8
7
6
1
8
5
11
8
5
12
8
5
11
3
17
9
10
2
12
10
2
9
10
2
0
19
7
18
19
7
18
12
3
18
7
1
8
