284
2.5932
12
17
19
5
11
10
6
5
10
14
6
15
11
6
5
10
0
4
10
3
11
16
7
9
2
7
14
16
1
12
19
3
12
1
19
12
1
19
7
3
17
12
16
1
12
16
1
0
19
7
9
6
16
13
5
19
13
6
5
12
16
17
12
2
4
13
19
4
13
5
19
11
17
2
12
17
19
12
17
19
0
6
15
0
6
10
3
14
10
4
14
10
6
0
18
1
14
6
18
8
5
18
8
5
19
13
6
2
8
7
16
11
3
15
0
3
10
6
14
7
16
9
7
16
9
7
16
8
7
16
1
14
18
17
0
2
17
12
16
17
11
6
16
17
12
2
1
12
19
1
12
16
6
8
16
7
8
3
2
12
17
19
12
1
19
11
1
18
4
8
3
16
8
7
19
9
6
18
8
5
2
9
5
18
3
9
19
7
8
2
7
8
19
5
13
16
3
12
17
19
12
5
2
8
7
16
8
7
16
17
11
2
17
14
2
17
14
4
10
11
6
10
0
3
15
6
0
16
1
0
18
4
8
18
4
8
18
4
0
10
6
14
10
6
14
10
6
4
15
14
6
19
13
4
3
10
0
3
15
4
0
18
3
5
10
0
4
18
11
1
19
4
0
15
4
0
15
4
6
10
14
3
10
0
