287
4.68401
15
17
4
16
18
3
11
5
4
13
9
6
18
16
4
8
19
5
8
19
5
6
17
15
4
1
9
0
1
9
0
18
12
11
1
5
11
18
5
11
6
5
19
7
5
13
4
7
15
1
4
11
18
6
11
1
12
0
17
5
0
17
4
16
1
4
15
17
3
15
4
17
15
3
1
11
5
1
11
5
1
11
6
4
15
17
3
0
10
2
6
13
9
2
0
10
3
2
15
17
3
16
1
8
5
19
8
5
1
11
12
2
13
6
9
2
13
9
2
13
9
6
19
8
12
19
7
5
0
18
8
15
1
7
15
6
3
0
10
4
0
10
3
0
10
2
0
9
2
13
9
3
0
10
3
0
10
4
0
9
3
3
19
6
9
13
4
5
1
11
12
1
11
5
2
13
9
2
13
8
12
19
3
9
2
19
12
8
19
2
4
10
6
0
17
12
0
17
12
0
17
6
16
1
8
16
1
4
16
17
6
0
9
6
19
5
8
19
5
7
13
12
2
11
5
1
7
16
3
17
15
2
2
9
13
3
5
19
8
6
0
10
6
0
10
6
0
10
4
6
15
7
18
15
7
18
16
4
17
15
3
3
13
7
12
13
8
4
12
11
1
6
9
13
3
9
0
18
8
4
16
7
1
16
6
8
19
