484
11.4331
17
13
12
5
11
12
8
9
6
8
17
2
3
17
14
6
11
12
8
9
0
12
17
3
2
17
12
6
11
12
0
9
19
12
6
11
8
2
5
15
10
6
9
19
14
11
5
18
12
0
4
19
1
13
16
8
6
11
12
18
6
11
1
18
16
13
5
11
12
8
5
11
12
8
4
0
14
8
6
9
19
14
11
6
19
12
0
4
14
18
9
0
14
17
5
13
16
10
1
13
16
10
6
11
12
10
5
11
14
8
4
0
14
17
2
5
17
10
7
9
19
18
9
6
18
19
6
9
19
18
5
4
12
10
11
7
12
18
4
7
8
11
6
14
17
3
0
16
8
3
17
7
8
4
18
7
15
5
10
4
8
5
10
4
0
14
17
3
2
8
17
3
2
17
14
13
16
1
8
11
3
1
8
9
13
2
13
9
10
2
13
4
18
6
18
4
0
3
11
12
5
15
5
12
11
18
5
2
15
0
12
9
8
0
3
16
8
1
13
16
10
1
13
16
12
0
11
14
2
17
13
2
14
5
17
3
8
2
17
5
18
9
10
5
18
5
15
2
14
11
13
1
16
8
13
1
9
13
8
4
7
18
9
19
6
15
2
10
9
0
14
19
9
0
2
11
1
18
16
13
1
11
12
13
16
7
10
15
6
2
15
10
6
9
19
14
9
0
18
9
14
0
14
11
14
5
18
9
10
6
10
4
12
0
15
2
2
13
11
14
6
8
11
14
6
11
8
14
4
0
8
3
16
1
10
0
4
14
8
6
11
12
0
4
10
2
15
7
8
4
8
7
14
4
10
0
16
1
18
13
16
1
12
13
11
2
14
15
6
2
17
10
6
4
18
13
16
1
18
13
16
6
10
9
13
2
11
14
0
16
13
1
19
4
13
1
10
16
13
1
16
13
2
15
2
13
4
8
6
12
11
18
6
12
0
9
18
2
17
3
18
16
1
0
10
2
3
11
8
1
16
13
12
17
2
3
17
10
7
16
0
10
4
3
2
17
8
7
4
14
10
0
4
14
0
19
4
14
0
15
7
14
11
10
5
16
3
19
17
2
3
17
19
2
5
15
2
19
7
17
5
19
16
13
