482
13.7885
17
1
8
7
13
6
11
9
13
6
11
18
17
6
14
12
19
10
2
8
18
4
7
16
5
15
6
16
9
11
6
13
9
0
14
0
9
10
9
4
12
14
0
19
10
4
2
13
9
11
1
8
2
17
7
16
7
17
7
16
2
0
9
18
15
3
13
5
4
0
14
12
19
10
3
17
1
17
7
13
2
11
5
14
9
11
18
15
3
13
5
15
1
17
7
17
1
8
2
16
3
15
1
8
5
14
2
8
18
15
2
5
8
3
11
18
15
3
15
5
13
2
0
19
18
15
3
17
18
11
7
10
9
8
1
11
9
10
7
8
18
15
3
13
9
4
10
19
2
13
3
0
14
5
19
10
2
8
18
15
6
16
7
8
7
12
14
5
4
10
4
0
14
2
12
18
0
2
13
5
11
1
8
2
8
1
8
2
13
2
8
1
8
6
16
6
17
1
17
6
14
0
19
12
14
6
17
18
11
6
13
9
11
2
16
7
8
3
15
18
8
7
10
19
12
14
6
15
5
13
3
4
18
19
0
14
5
8
1
15
3
13
9
4
0
14
12
4
9
10
5
15
18
15
5
15
18
15
5
15
18
11
3
13
2
8
2
13
2
11
9
16
6
15
18
11
9
10
4
9
8
1
15
3
16
9
11
3
16
5
4
10
19
0
14
12
19
10
4
9
16
3
15
18
15
3
10
19
0
18
4
3
10
19
12
4
10
19
3
10
19
0
1
8
3
17
6
10
6
17
1
17
3
13
2
17
1
11
9
8
3
10
19
12
14
3
17
3
10
4
5
12
14
0
9
12
14
3
17
6
8
2
13
3
17
2
13
7
8
6
15
18
17
7
14
12
19
10
4
3
13
9
4
2
16
5
11
1
15
5
13
3
15
18
15
5
10
4
12
14
12
4
18
15
3
13
5
15
1
8
9
14
0
5
13
2
0
14
12
4
18
11
3
13
7
5
10
19
0
19
10
7
17
6
13
6
9
4
10
7
17
18
15
3
13
9
0
14
12
9
10
7
17
7
16
7
8
1
17
2
8
1
15
5
10
9
0
14
5
17
3
15
18
4
9
10
6
8
2
13
7
17
