282
4.15131
18
8
7
18
0
8
2
5
14
9
15
6
13
19
8
11
5
17
1
4
8
18
4
3
10
2
0
10
4
2
15
14
2
15
1
17
5
11
16
15
3
17
5
13
16
0
15
16
11
5
12
7
4
10
9
4
10
9
7
10
4
2
10
7
0
17
1
15
16
1
15
8
11
5
12
3
11
19
6
13
19
8
11
5
2
8
13
9
5
14
4
19
13
6
19
11
8
19
13
3
12
5
11
16
7
11
19
8
13
5
16
13
5
12
0
5
9
14
15
0
9
10
4
9
11
8
4
19
14
7
5
17
3
15
14
9
4
10
7
9
13
8
15
2
14
15
9
14
15
3
12
1
15
16
11
5
6
13
19
7
14
15
2
3
10
7
2
14
15
0
17
5
1
17
7
13
16
15
0
17
1
5
12
1
3
17
0
1
5
12
0
11
16
15
1
12
5
0
12
3
15
6
2
13
3
17
5
11
8
19
4
6
18
4
0
10
4
9
14
15
9
14
3
15
14
7
15
14
2
15
14
2
4
10
9
7
10
2
4
10
2
3
5
16
11
5
12
1
15
16
13
0
5
16
13
5
12
3
11
9
15
14
4
9
13
6
19
11
8
4
19
13
7
12
5
13
6
19
13
8
2
11
