292
2.27624
8
13
0
8
11
7
14
11
6
12
3
15
18
0
5
6
18
16
1
7
14
15
19
2
16
19
2
16
7
3
14
13
4
14
13
6
14
7
15
14
7
11
10
7
11
2
7
16
4
6
12
11
6
12
6
11
10
6
9
6
10
19
15
10
4
13
0
8
13
0
2
13
4
14
13
3
14
9
4
14
13
6
3
12
15
4
12
15
4
8
13
0
4
13
14
6
9
10
4
9
1
0
18
5
0
18
5
4
12
15
6
7
17
6
8
9
0
8
9
0
8
19
17
2
7
16
2
7
17
1
18
17
4
8
9
6
14
9
3
14
15
19
10
11
7
14
5
4
12
3
11
0
2
19
0
11
18
3
5
14
4
13
0
2
9
6
10
9
3
8
17
19
3
15
12
1
15
12
6
11
10
19
4
16
7
3
17
2
19
11
10
19
11
0
19
5
14
3
9
8
0
5
8
19
16
2
19
16
2
3
13
1
10
13
1
14
13
1
2
17
19
3
17
19
3
16
7
2
5
7
14
15
7
8
17
7
4
5
12
3
5
18
0
11
18
0
5
18
1
5
12
1
15
18
0
15
19
10
15
19
10
11
19
14
6
13
8
1
17
19
2
17
7
8
16
7
8
0
5
18
0
5
2
19
16
8
7
16
8
19
5
14
