285
3.35791
17
4
18
12
10
9
0
16
6
4
18
11
4
2
5
11
7
5
11
18
5
11
2
7
11
7
5
11
4
5
13
0
1
13
12
4
13
12
1
13
19
4
9
10
14
1
9
16
7
9
14
3
8
19
3
8
0
1
8
16
0
8
16
0
9
3
14
9
3
5
4
6
14
3
9
19
3
8
0
10
1
14
6
10
12
6
7
19
10
7
12
13
2
12
10
7
12
13
1
14
3
8
12
3
6
0
16
4
7
11
5
4
13
19
4
13
5
4
17
18
2
14
6
10
14
6
18
2
11
5
4
13
19
18
6
3
12
4
13
5
18
0
8
10
19
7
9
19
4
3
18
5
17
4
7
11
1
2
0
16
8
0
3
6
12
4
18
11
5
18
17
18
5
17
18
5
11
7
5
11
7
5
11
4
2
11
5
4
13
19
4
13
19
2
6
14
1
10
14
9
10
14
9
7
5
17
7
2
11
5
18
6
16
7
9
12
10
9
14
10
8
12
3
9
14
1
13
5
7
11
7
1
14
3
9
14
10
9
19
3
7
9
19
3
6
19
4
3
8
19
10
9
14
3
8
19
10
8
5
4
11
5
7
11
5
4
13
12
1
13
19
2
13
12
18
3
14
9
10
14
9
3
5
18
11
