279
4.31944
16
5
4
2
8
11
7
10
16
5
10
16
5
10
17
7
5
11
19
5
6
19
5
11
0
9
1
6
9
7
13
12
3
13
12
3
13
12
4
13
12
3
2
5
19
6
15
1
3
14
7
19
18
15
19
6
15
2
17
2
15
17
2
10
16
15
2
17
5
2
16
5
10
16
5
10
3
12
1
2
9
1
6
15
19
0
6
8
0
6
9
1
18
9
1
4
3
14
1
3
14
7
2
16
5
10
1
12
3
13
5
6
19
5
18
3
5
6
19
5
6
7
8
18
7
9
18
1
9
6
4
8
11
7
8
18
10
8
10
4
14
7
1
14
3
13
12
3
13
14
4
3
12
1
3
12
13
3
12
13
0
14
7
19
5
18
13
9
18
7
10
8
7
0
16
5
7
19
14
7
1
5
6
13
7
12
1
10
5
16
2
5
19
18
5
1
3
14
1
3
12
7
19
14
0
4
16
5
0
16
5
0
16
15
7
1
12
3
1
12
3
1
11
15
13
6
15
3
11
13
15
6
19
15
11
0
8
18
4
8
10
10
16
15
7
13
14
4
4
16
2
15
17
0
5
19
6
5
19
11
0
8
11
0
9
6
1
9
0
11
8
2
18
15
10
17
4
5
16
