284
2.86814
19
2
3
9
8
3
9
8
17
0
1
17
12
1
7
12
14
6
12
14
4
12
1
6
12
14
4
12
7
4
12
14
2
12
7
7
1
12
17
1
11
13
0
3
13
1
4
12
1
6
3
8
6
16
1
13
7
16
8
2
0
15
5
9
15
5
4
16
1
13
4
3
13
0
3
8
4
16
5
1
16
7
8
16
6
5
16
7
5
15
4
6
15
5
9
3
8
6
0
15
5
9
15
5
0
15
6
2
12
1
17
12
1
2
11
13
0
7
15
0
6
8
2
11
13
1
3
9
10
11
9
10
2
11
19
7
7
12
1
6
16
10
4
9
8
11
7
5
16
6
14
12
17
6
8
16
6
10
16
6
10
16
6
14
12
17
14
12
17
7
13
11
1
0
3
8
0
7
15
0
13
14
7
12
17
14
12
7
2
12
14
6
5
15
4
17
12
1
4
11
19
17
7
15
9
5
15
9
5
15
9
5
15
0
13
4
15
9
5
15
9
17
1
12
4
7
19
3
17
10
3
9
8
11
9
7
15
9
17
11
19
4
2
11
19
2
4
19
11
17
19
11
2
19
11
17
10
16
6
10
11
9
17
10
16
6
10
16
6
8
16
7
6
12
1
2
9
10
11
9
10
17
11
19
