284
2.34562
18
16
4
0
18
16
4
4
16
12
4
7
19
2
6
5
13
2
19
7
6
2
19
4
4
19
9
2
0
17
8
4
0
16
12
0
1
12
3
16
5
6
8
11
9
14
8
11
13
3
14
5
8
6
2
17
0
8
2
14
15
5
2
10
15
5
16
3
5
16
7
12
3
16
5
15
2
17
8
13
11
10
15
5
13
2
16
5
4
6
10
18
4
1
18
9
7
10
14
5
15
10
11
9
13
10
5
7
16
18
7
1
11
9
10
5
0
16
18
4
4
16
18
0
7
8
12
14
7
8
14
5
8
14
5
9
10
9
11
1
13
0
12
8
13
7
18
1
4
17
6
8
11
13
10
4
18
6
10
5
15
10
11
9
3
16
4
17
8
14
0
12
8
9
0
17
8
13
11
8
13
12
8
7
17
10
15
5
14
8
17
7
10
7
6
11
10
9
13
10
2
15
5
10
6
18
7
10
9
14
1
11
13
8
14
11
1
6
12
1
7
11
16
6
0
1
18
9
10
7
18
0
16
3
14
1
12
3
16
5
3
2
16
5
9
1
12
3
7
17
10
3
9
10
6
11
6
1
12
2
8
5
14
8
14
5
16
7
6
11
16
0
15
11
16
0
4
8
17
14
8
7
12
16
