282
5.40157
14
3
0
11
18
5
11
12
6
16
13
18
5
15
18
10
13
4
19
15
6
19
11
17
10
8
0
5
7
17
19
1
13
19
6
11
9
2
11
9
6
11
3
4
13
3
10
15
18
16
15
4
19
15
1
19
13
6
16
15
4
19
17
11
18
10
15
3
5
7
12
6
10
15
3
5
17
8
1
5
8
0
6
14
3
0
14
3
2
14
12
4
6
11
12
16
7
18
17
11
19
4
13
19
1
11
9
6
11
12
5
7
17
18
11
5
18
15
10
3
13
5
18
13
16
1
8
16
17
8
1
10
12
7
4
12
16
7
12
10
7
12
2
7
12
10
6
11
18
5
11
12
2
10
12
7
16
12
11
2
9
11
2
3
14
2
0
14
3
0
16
8
17
5
8
4
17
8
5
6
12
7
4
3
15
16
18
15
1
19
13
1
19
11
0
10
18
11
17
16
8
0
5
11
12
2
5
12
7
10
17
8
4
1
13
19
6
15
3
5
11
12
10
7
12
10
7
12
5
1
8
0
2
14
18
0
14
2
12
7
16
12
11
2
10
8
17
2
19
13
6
19
11
17
3
16
13
3
10
7
12
6
14
0
3
5
13
3
10
13
4
5
8
17
4
19
13
6
19
17
11
19
