287
0.000161351
4
0
5
4
3
0
5
4
0
9
5
4
1
0
9
1
4
1
8
1
4
3
9
9
9
9
9
8
1
4
5
0
9
9
0
1
4
3
0
4
1
0
4
1
4
0
3
9
9
0
1
4
1
0
1
4
4
0
5
9
0
5
4
0
5
9
0
1
9
0
5
4
0
1
4
1
0
9
1
0
1
9
0
1
9
8
1
9
8
5
9
5
0
9
9
5
8
9
5
9
9
9
9
5
0
5
9
5
9
5
8
9
9
5
0
9
9
0
9
9
0
5
9
0
9
5
9
0
9
9
0
5
9
0
9
5
0
9
9
9
9
0
5
9
0
5
9
9
9
0
9
5
0
5
9
0
5
9
5
9
5
0
9
9
9
5
9
0
9
5
0
5
9
0
9
5
9
9
0
9
5
9
9
9
9
0
9
9
9
9
9
5
9
5
9
9
9
0
9
5
0
9
5
9
5
0
9
9
5
9
0
5
9
9
5
9
0
9
5
9
5
0
9
5
9
0
5
9
0
9
9
5
0
9
9
9
9
5
9
0
5
9
9
5
0
9
5
9
5
0
9
9
9
0
9
9
9
9
9
0
9
9
0
9
9
9
9
9
0
9
9
0
9
9
0
9
9
0
9
9
9
9
0
9
9
9
0
