392
0.000303356
11
9
5
8
9
1
2
1
9
11
9
0
9
9
1
9
4
0
5
4
9
4
1
0
4
1
8
9
5
0
3
4
1
4
2
1
4
5
9
4
11
4
0
5
4
0
1
9
0
5
4
9
4
4
0
11
9
1
9
0
4
4
1
8
9
1
8
3
9
1
0
5
4
11
4
0
1
4
1
0
5
4
9
8
5
9
8
4
1
8
9
11
0
9
9
0
1
4
0
5
9
0
5
9
0
5
4
11
0
1
4
0
5
9
1
0
9
9
0
11
4
0
5
4
0
1
9
0
4
5
0
9
9
0
4
11
0
1
4
0
1
4
5
0
5
4
0
11
4
5
0
5
4
0
11
4
0
9
9
1
0
1
9
0
1
9
9
0
9
1
0
5
9
0
11
9
0
4
9
5
0
4
4
0
11
9
0
4
4
0
1
9
11
0
9
9
0
5
9
0
11
9
0
5
9
0
9
9
0
5
9
0
5
9
0
9
9
0
9
9
0
9
9
0
5
9
0
9
9
0
9
9
0
5
9
5
0
5
9
0
5
9
5
9
0
5
9
0
9
5
0
5
9
0
9
9
0
5
9
9
9
0
5
9
9
9
5
9
0
9
5
9
0
5
9
0
5
9
0
9
9
9
9
9
5
9
0
9
5
0
5
9
0
9
5
9
9
9
9
9
5
0
5
9
0
9
5
0
5
9
9
5
9
5
9
9
9
0
9
9
9
9
5
9
9
9
5
0
5
9
5
0
5
9
0
5
9
5
9
9
0
9
5
0
9
9
0
5
9
5
0
9
9
9
0
9
9
0
9
9
9
9
0
9
9
9
0
9
9
9
9
9
0
9
9
9
0
9
9
9
9
9
0
9
9
0
9
9
0
9
9
0
