246
0.000192757
0
3
9
0
5
4
1
8
9
4
11
8
5
9
2
1
4
0
9
3
9
0
5
9
6
0
1
4
0
4
9
0
9
11
0
9
6
0
9
5
0
9
11
0
1
4
4
0
11
9
0
9
5
4
0
6
9
4
5
0
11
4
0
6
9
9
1
0
1
9
6
9
0
5
4
3
9
1
4
1
4
9
1
0
9
1
4
5
9
5
4
1
9
5
0
1
4
9
4
3
9
5
0
9
1
9
4
4
1
9
3
0
9
1
0
9
5
0
1
9
0
3
9
0
5
9
0
9
9
0
9
9
5
0
9
3
0
5
9
0
9
5
9
0
5
9
5
0
9
5
0
9
3
0
5
9
0
5
9
0
5
9
0
9
5
0
5
9
0
5
9
0
9
9
0
9
5
9
0
5
9
0
5
9
0
9
9
0
9
9
0
9
9
0
9
9
0
9
9
0
9
9
0
9
9
9
0
9
9
0
9
9
0
9
9
9
0
9
9
0
9
9
0
9
9
9
0
9
9
0
9
9
0
9
9
9
0
9
9
0
9
9
0
9
9
0
