348
0.000281863
1
0
3
9
0
1
4
9
6
9
5
0
9
6
0
4
9
0
3
9
0
4
1
4
2
11
4
0
9
6
0
9
9
1
0
6
9
5
0
11
4
0
4
5
0
9
4
0
4
11
0
4
9
0
5
9
4
1
9
6
9
5
0
11
9
5
0
1
9
1
0
6
9
3
9
6
0
9
5
9
1
9
9
6
0
3
9
5
9
6
9
0
5
9
5
0
6
9
0
11
9
9
5
0
6
9
9
9
3
0
6
9
9
1
9
9
0
9
11
0
6
9
5
9
0
9
11
0
9
6
9
9
0
6
9
5
9
5
9
6
9
1
0
11
9
0
5
9
6
0
1
9
11
9
9
0
5
9
6
0
9
3
9
1
9
1
9
6
0
5
9
1
0
5
9
5
9
0
11
9
6
9
1
0
11
9
9
9
0
9
6
0
9
11
0
9
9
0
9
3
9
6
9
5
9
9
0
9
3
9
5
0
5
9
9
3
0
6
9
5
9
5
0
11
9
5
0
9
9
5
0
9
11
9
9
0
6
9
5
9
9
0
9
5
0
9
5
0
5
9
0
9
5
9
0
5
9
0
9
9
9
5
9
9
5
9
9
9
9
5
0
5
9
9
9
0
5
9
5
0
5
9
5
0
9
9
5
9
9
5
9
9
0
5
9
9
0
9
9
0
9
5
9
5
9
0
9
5
9
5
0
9
9
9
9
0
9
9
0
9
9
5
0
9
9
0
9
9
0
5
9
9
9
5
9
0
5
9
9
5
9
9
0
5
9
5
0
5
