478
26.7978
14
4
6
5
10
8
4
20
2
3
24
6
18
12
11
15
6
12
3
22
5
9
19
4
0
9
8
2
21
10
8
1
2
10
18
17
24
9
19
21
23
15
20
5
4
10
8
17
24
6
15
21
17
15
22
5
3
12
15
17
13
23
14
11
20
2
9
13
11
16
23
13
1
10
1
10
1
9
0
22
5
14
6
11
16
15
5
6
4
6
24
19
14
21
23
19
15
21
16
21
19
24
18
22
5
12
13
9
17
13
23
15
13
17
4
19
14
11
20
9
2
8
3
12
10
21
8
15
10
20
18
14
2
11
20
9
23
5
13
22
16
11
8
15
17
19
4
14
11
19
23
14
21
19
24
22
21
13
16
11
23
8
15
17
11
20
14
24
6
3
16
11
14
0
10
1
18
9
0
2
13
9
21
12
19
3
4
23
20
13
5
22
4
19
5
22
12
3
18
24
23
19
8
4
24
6
19
23
14
13
17
13
23
14
11
20
5
22
13
9
0
22
5
14
11
16
6
11
14
5
22
19
4
8
2
3
16
11
14
17
15
20
11
1
10
14
20
11
24
6
8
12
11
15
6
4
17
13
15
23
3
6
5
14
22
5
17
15
16
21
11
10
20
4
5
16
3
12
11
13
16
10
21
20
15
4
0
6
15
8
21
2
22
3
1
1
10
22
13
11
12
8
22
13
11
22
1
16
5
3
22
21
12
3
15
17
4
19
14
11
23
8
19
4
2
18
19
14
11
12
18
19
4
15
17
8
10
7
11
19
16
9
11
17
15
16
21
0
9
13
23
8
2
3
23
8
24
20
3
10
1
9
0
19
23
15
11
8
12
10
1
3
14
23
0
18
15
24
6
20
4
24
3
20
12
4
3
19
2
21
14
18
0
2
9
18
5
10
16
11
1
14
10
17
5
14
22
11
0
14
9
17
5
10
18
12
8
2
3
4
6
22
13
2
5
9
6
14
0
24
18
10
21
22
13
16
5
4
6
15
20
24
17
22
13
4
11
16
20
24
21
10
8
2
5
9
6
1
0
15
22
17
8
2
13
9
17
24
19
14
11
6
14
2
8
3
23
4
