289
5.59333
11
15
24
21
11
1
2
24
15
3
8
14
2
1
7
18
20
9
4
23
0
14
5
23
12
19
0
21
16
22
5
16
23
2
13
0
10
19
6
13
4
0
18
14
20
3
7
6
19
14
0
3
9
19
5
23
10
15
1
2
24
19
6
10
17
0
14
1
2
23
2
18
8
21
2
23
16
17
24
5
16
20
18
12
0
14
4
1
17
24
5
14
8
10
17
9
19
10
8
14
5
24
16
19
20
12
3
8
7
13
6
7
19
9
12
4
23
19
13
22
10
19
9
8
21
11
9
16
4
20
16
21
24
8
13
11
9
0
13
15
23
5
10
20
12
18
0
17
14
24
11
21
20
16
4
6
3
15
24
16
5
9
19
24
11
21
20
18
4
6
7
6
4
14
8
10
17
24
15
1
2
16
0
13
16
22
2
13
9
11
19
24
12
20
4
12
23
19
20
12
24
5
15
23
18
12
0
15
1
10
15
24
17
18
0
13
7
9
13
11
0
14
3
20
3
11
6
5
14
24
11
5
6
16
0
4
12
9
4
19
6
3
2
0
18
12
20
7
3
1
15
2
1
10
2
22
18
13
8
4
12
23
15
1
7
9
11
13
0
16
2
1
2
16
6
4
11
9
16
17
0
10
6
19
15
9
3
11
8
