371
0
5
9
4
6
0
5
4
1
0
4
6
9
0
5
4
9
4
5
0
4
6
9
9
5
4
1
9
4
5
0
5
9
0
11
4
6
0
1
9
11
4
0
5
9
0
11
9
5
4
9
6
4
11
9
6
4
1
9
1
4
5
9
9
5
9
11
0
1
9
0
1
4
11
9
1
4
9
1
4
6
0
5
9
4
4
9
9
11
4
9
0
5
4
9
11
0
9
4
6
0
5
9
4
6
9
5
0
6
9
4
4
9
5
0
5
9
0
4
4
9
5
4
9
0
4
5
9
5
4
9
4
9
4
9
9
4
0
9
9
9
0
9
4
4
9
9
9
4
9
9
4
0
9
4
9
4
9
9
0
4
9
4
4
0
9
9
4
9
0
9
9
4
0
9
9
4
9
9
0
4
4
0
4
4
0
9
4
9
4
0
4
4
9
0
4
9
4
0
4
4
9
0
9
9
4
0
4
9
4
0
4
4
9
9
0
9
9
4
4
0
4
4
9
0
4
9
4
9
9
0
4
4
0
9
9
9
0
4
9
4
0
9
4
4
9
0
4
9
4
0
9
4
4
9
4
4
9
9
4
9
4
4
9
4
9
9
4
9
9
9
4
9
4
4
9
9
9
4
4
9
4
4
9
4
4
9
9
4
9
9
4
9
4
4
9
9
9
4
4
9
9
9
4
9
9
4
9
9
9
9
9
9
9
9
9
9
9
9
9
9
9
9
9
9
9
9
9
9
9
9
9
9
9
9
9
9
9
9
9
9
9
9
9
9
9
9
9
9
9
9
9
9
9
9
9
9
9
9
9
9
9
9
9
9
9
9
9
9
9
9
9
