250
0.000197548
0
11
4
5
9
9
2
5
9
4
8
3
4
0
5
4
9
3
4
1
9
4
5
0
3
9
9
2
5
4
2
1
9
4
1
0
11
4
9
2
4
5
2
1
4
2
4
1
4
11
4
9
1
9
0
1
4
4
11
4
0
4
4
9
4
1
0
1
9
0
1
4
0
5
9
1
9
1
4
5
0
4
4
11
4
1
4
5
9
1
0
11
4
4
9
5
0
9
9
9
1
0
4
9
5
4
0
5
9
5
0
11
4
9
0
9
1
0
9
9
0
9
5
0
9
1
0
1
9
0
1
4
0
1
4
0
1
4
9
4
0
4
9
9
4
1
9
9
1
0
9
5
4
9
0
9
5
0
1
4
1
9
0
4
1
0
5
4
9
4
0
9
9
4
0
9
9
0
9
4
1
9
1
0
5
4
9
0
1
4
1
9
0
9
9
9
9
1
0
5
9
9
5
4
9
9
1
0
9
9
0
4
9
4
0
4
4
9
9
0
9
9
4
4
0
4
4
9
0
4
9
4
9
9
0
4
4
0
9
9
9
0
4
9
4
0
9
4
9
0
