306
1.37296
0
9
9
0
4
4
0
9
9
0
4
4
0
9
6
0
1
4
0
4
9
0
9
9
0
9
9
4
0
4
4
0
9
9
0
9
5
0
1
9
0
9
5
0
9
9
0
4
9
4
0
9
9
0
9
6
0
3
4
0
9
9
0
4
6
0
3
4
0
1
9
0
4
4
0
9
1
0
9
9
0
6
9
0
9
6
0
9
4
0
6
9
0
4
1
0
6
9
0
4
6
0
4
4
0
9
9
0
5
4
0
9
9
0
9
9
0
4
6
0
9
9
0
6
9
0
9
9
0
1
9
0
9
6
0
9
9
0
9
9
0
9
9
0
9
4
0
4
4
0
6
9
0
3
4
0
6
4
0
9
1
0
9
9
0
9
4
0
9
5
0
4
4
0
9
4
0
4
4
0
4
4
0
9
9
0
9
9
9
0
9
9
0
9
4
0
9
9
4
0
6
4
0
4
9
0
9
6
0
4
4
0
4
9
0
4
4
0
4
4
0
4
4
0
9
9
0
4
4
0
4
9
0
1
9
0
6
4
0
4
4
0
4
4
0
4
6
0
9
9
0
9
6
0
4
4
0
9
4
0
6
9
0
4
4
0
3
4
0
6
4
0
4
9
0
9
9
9
0
4
9
0
9
9
0
9
6
0
1
4
0
9
9
0
9
9
0
9
9
0
4
6
0
9
9
0
