351
0
1
4
2
10
4
3
2
6
9
1
4
9
3
4
5
2
9
5
9
5
4
2
9
1
2
3
4
2
5
4
2
6
4
0
4
3
4
4
2
4
9
6
8
1
4
3
2
6
9
4
0
4
9
8
5
9
3
9
2
1
4
2
3
4
5
0
4
9
5
9
5
2
9
5
2
9
4
0
5
9
2
6
4
1
4
9
9
1
4
9
2
6
9
0
1
9
5
4
9
2
6
9
9
0
3
9
9
0
6
4
3
9
0
9
5
0
1
4
9
9
4
6
0
4
9
0
9
4
9
2
4
5
0
4
9
1
0
6
4
9
9
5
0
4
1
9
4
1
4
4
0
9
9
1
0
1
9
0
4
6
9
9
4
0
5
4
9
0
1
4
4
9
5
9
1
9
5
0
4
9
9
6
4
0
5
9
6
0
5
9
4
9
5
9
9
0
4
9
1
9
9
1
4
4
1
0
6
4
1
0
1
9
6
9
4
9
1
0
1
9
4
5
9
9
4
4
1
4
9
9
0
6
4
0
1
9
5
9
9
0
9
5
9
9
0
5
9
9
5
9
9
9
5
9
5
9
9
6
9
5
9
9
5
9
9
9
5
9
9
5
9
9
5
9
5
9
6
9
9
9
9
6
9
9
5
9
6
9
5
9
5
9
5
9
6
9
5
9
9
5
9
9
9
5
9
9
9
9
5
9
5
9
5
9
9
5
9
9
9
9
9
9
9
9
5
9
5
9
9
9
5
9
9
9
9
9
9
9
9
9
9
9
9
9
9
9
9
9
9
9
9
