372
0.000243311
9
1
0
10
4
10
8
4
1
9
0
1
9
10
8
5
9
5
9
4
4
0
9
10
8
4
1
8
5
9
10
9
0
4
9
0
4
5
9
10
0
10
4
10
0
9
5
9
10
9
5
0
10
9
0
5
4
0
1
4
4
1
0
4
1
9
4
10
4
5
9
1
9
1
4
0
4
5
9
0
10
4
4
1
0
1
9
9
0
4
9
9
4
4
1
9
1
4
1
9
4
4
1
9
0
5
9
1
9
0
5
4
0
4
9
1
9
9
4
4
1
4
1
0
4
9
0
4
4
9
9
0
5
9
5
4
0
5
9
1
0
9
5
4
0
4
4
1
4
1
9
1
4
1
0
4
1
0
9
9
1
9
1
9
1
9
5
9
9
9
1
9
9
5
9
1
9
5
9
9
9
9
9
1
9
5
9
5
9
1
9
5
9
1
9
1
9
1
9
1
9
5
9
5
9
5
9
1
9
5
9
5
9
5
9
1
9
1
9
5
9
5
9
5
9
5
9
5
9
5
9
5
9
1
9
1
9
5
9
5
9
5
9
1
9
5
9
5
9
5
9
5
9
5
9
1
9
5
9
5
9
9
1
9
5
9
5
9
9
5
9
9
9
9
5
9
9
1
9
9
1
9
9
5
9
1
9
5
9
9
5
9
5
9
5
9
9
1
9
9
9
1
9
5
9
5
9
1
9
9
1
9
9
9
5
9
9
5
9
9
1
9
5
9
5
9
5
9
5
9
1
9
1
9
9
1
9
9
5
9
1
9
5
9
5
9
9
1
9
5
9
9
5
9
9
9
5
9
5
9
9
9
5
9
5
9
5
9
9
5
9
5
