315
0
0
6
9
10
9
6
8
1
9
5
8
1
9
5
9
9
0
1
9
0
9
4
5
9
0
1
4
4
10
4
10
0
4
9
4
10
9
4
5
9
9
1
0
1
4
0
5
9
9
6
4
0
1
9
0
9
4
9
0
1
9
4
1
4
1
0
6
9
9
1
4
4
0
9
4
1
0
4
1
4
4
9
0
4
4
9
1
0
6
9
9
9
4
0
4
1
9
9
4
4
9
4
1
0
1
4
0
4
4
1
0
1
9
6
4
9
4
9
0
1
9
9
0
4
1
9
1
0
1
4
1
4
9
4
4
1
0
9
4
1
0
1
4
9
0
6
4
1
0
1
9
9
1
4
1
0
9
9
4
4
9
6
4
0
1
4
1
4
1
9
4
4
0
1
9
6
0
4
9
0
9
1
9
1
9
6
4
1
9
9
4
9
1
9
1
4
4
9
9
4
9
9
6
4
9
1
9
4
9
9
9
6
9
4
1
4
1
9
1
4
6
9
1
4
6
9
1
4
6
9
1
9
6
9
4
4
9
9
9
4
4
9
4
4
9
9
4
9
4
9
9
4
4
9
4
9
9
9
9
9
4
4
9
9
9
9
4
4
9
9
4
9
4
9
9
9
4
9
4
4
9
4
4
9
4
4
9
4
4
9
9
4
9
4
9
4
9
9
9
4
9
9
9
9
4
4
9
4
9
4
4
9
4
9
9
