376
0.000303668
0
5
4
11
4
2
4
9
6
2
3
9
10
4
2
10
9
5
2
4
5
0
1
9
4
1
0
10
4
1
4
0
1
9
11
9
6
4
9
10
0
1
4
10
9
6
0
9
10
4
11
0
4
5
9
4
0
6
9
0
10
4
4
11
9
5
4
1
4
5
0
4
5
0
4
11
0
6
9
4
4
0
5
9
4
10
9
6
4
0
1
9
1
9
5
0
5
9
9
4
4
1
9
5
9
0
4
6
9
0
1
9
6
0
9
5
4
9
4
4
9
9
0
4
1
0
1
4
1
9
5
0
6
4
9
0
6
9
9
4
5
0
5
4
9
6
0
9
10
4
9
4
10
4
5
9
4
5
0
4
9
6
9
4
9
4
4
1
4
6
0
9
5
0
1
4
6
9
4
0
9
5
0
5
9
9
5
9
0
6
9
0
9
5
0
5
9
6
9
5
9
5
9
5
9
6
9
5
9
9
6
9
5
9
5
9
9
5
9
5
9
6
9
9
9
5
9
6
9
9
9
6
9
9
9
6
9
9
9
6
9
9
9
6
9
9
9
9
6
9
9
9
9
9
9
6
9
9
9
6
9
9
9
6
9
9
9
6
9
9
9
9
6
9
9
9
9
6
9
9
9
9
9
6
9
9
9
6
9
9
9
9
9
6
9
9
9
9
6
9
9
9
9
9
6
9
9
9
9
6
9
9
9
6
9
9
9
6
9
9
9
9
6
9
9
9
6
9
9
9
6
9
9
9
9
9
6
9
9
9
6
9
9
9
6
9
9
9
9
9
6
9
9
9
9
9
6
9
9
9
9
9
9
9
9
6
9
9
9
6
9
9
9
6
9
9
