383
0
4
1
4
2
9
6
2
4
4
3
2
5
4
0
6
9
1
2
6
4
0
4
1
4
1
0
5
9
6
0
4
1
2
3
4
1
0
5
4
9
2
9
4
3
9
4
0
5
9
0
1
4
5
2
3
9
2
4
1
0
6
9
2
4
4
3
4
6
0
4
4
9
6
9
2
4
4
0
9
1
4
3
9
6
0
4
1
4
6
2
9
9
0
4
9
6
0
3
9
6
2
4
9
6
2
3
4
4
0
6
9
0
9
9
2
4
9
9
0
6
4
0
4
6
9
2
9
9
4
4
2
6
4
9
2
6
9
9
9
6
2
4
9
4
0
4
4
0
9
9
4
6
9
4
9
6
0
9
9
9
9
4
0
6
9
4
4
0
9
6
0
4
4
0
9
4
9
9
4
0
4
4
0
9
9
4
9
9
0
4
9
0
4
9
0
9
4
4
9
4
0
9
9
0
9
9
0
9
9
9
9
9
9
9
0
9
9
0
9
9
0
9
9
0
9
9
9
0
9
9
0
9
9
9
0
9
9
0
9
9
0
9
9
9
0
9
9
9
9
0
9
9
9
0
9
9
0
9
9
0
9
9
0
9
9
0
9
9
0
9
9
0
9
9
0
9
9
0
9
9
0
9
9
9
9
0
9
9
0
9
9
0
9
9
0
9
9
0
9
9
9
0
9
9
9
0
9
9
0
9
9
0
9
9
9
0
9
9
9
9
0
9
9
0
9
9
9
0
9
9
0
9
9
0
9
9
0
9
9
0
9
9
0
9
9
9
0
9
9
0
9
9
0
9
9
0
9
9
9
9
9
9
9
9
9
9
9
9
9
9
9
9
9
9
9
9
9
9
9
9
9
9
9
