492
27.3112
6
3
8
11
15
6
3
8
11
15
6
1
5
4
13
12
16
18
10
9
11
17
5
13
12
19
0
9
15
3
19
10
0
13
8
3
11
12
13
8
3
11
6
15
8
3
10
11
16
13
1
18
4
8
6
16
8
4
13
12
5
1
11
15
17
2
0
5
13
17
11
1
19
13
17
11
8
5
12
16
11
13
5
17
0
19
13
19
0
15
6
5
10
3
9
10
7
10
9
17
5
17
11
9
12
5
7
18
13
16
19
12
15
18
7
2
14
17
10
7
19
9
18
12
7
19
13
18
0
10
17
2
9
3
11
17
2
9
3
11
16
13
10
3
5
0
10
9
3
2
14
12
13
7
2
18
16
4
1
2
18
17
4
16
2
5
16
13
4
1
10
5
17
4
9
12
5
7
14
9
12
19
7
9
18
12
4
15
1
5
6
4
15
1
8
6
11
15
8
1
4
6
14
8
17
4
12
8
8
17
11
6
5
15
7
10
6
5
15
1
11
6
15
14
7
9
10
1
4
18
16
2
1
4
18
17
2
0
13
19
16
10
7
14
13
2
16
4
14
8
6
15
3
11
8
6
15
1
4
9
12
14
7
2
18
12
13
7
10
5
16
10
7
13
19
16
11
9
17
2
17
5
11
17
2
17
14
19
16
10
7
18
2
16
4
1
9
5
12
18
7
13
2
12
14
3
9
15
0
19
6
14
15
0
18
12
19
9
0
5
12
13
19
0
5
16
13
11
2
14
1
17
11
10
15
14
8
12
1
4
14
13
12
0
19
8
15
11
16
14
6
15
19
7
18
10
17
5
7
10
14
17
10
3
2
18
0
13
10
3
19
0
9
15
3
11
2
16
9
1
11
19
16
15
1
4
19
9
17
1
11
14
2
17
9
12
5
11
17
8
6
5
4
17
8
6
5
14
12
13
2
7
14
6
15
19
1
9
16
11
2
5
17
13
18
12
19
7
9
14
12
19
7
13
14
12
19
13
7
14
12
10
14
7
13
2
16
11
5
17
2
0
14
19
15
12
7
18
19
13
16
17
11
2
9
17
14
2
0
19
17
9
11
1
14
6
15
10
14
17
6
15
11
5
1
10
17
4
8
18
12
7
