439
18.9108
8
7
13
16
12
9
18
0
16
9
18
12
16
3
19
12
4
13
0
3
4
5
18
3
10
8
1
18
16
0
9
1
12
17
9
0
18
16
7
5
14
6
5
2
14
5
1
10
0
18
3
6
5
19
7
17
8
1
10
5
3
4
15
10
7
5
13
4
3
5
19
6
7
16
0
14
2
5
14
6
0
7
16
5
1
19
5
4
14
12
13
17
9
12
18
17
8
3
19
12
6
10
5
13
4
12
3
19
8
17
18
0
18
16
11
16
18
5
9
16
1
5
14
4
15
2
14
0
14
6
18
5
3
10
12
13
9
12
16
18
19
0
2
14
6
5
10
13
8
7
16
10
1
8
7
17
0
1
9
12
17
14
2
8
18
13
0
2
14
8
1
10
3
12
19
6
5
3
18
5
4
13
0
2
14
4
0
3
19
6
5
7
13
5
4
3
0
13
4
12
3
19
16
8
7
1
0
16
9
0
1
10
1
8
10
1
0
3
4
0
18
3
8
10
1
12
19
17
8
7
13
5
4
3
5
19
6
12
3
14
5
16
4
15
7
10
8
1
3
0
4
14
5
1
16
7
5
19
6
5
16
18
9
12
17
13
4
5
14
2
8
13
18
5
6
14
5
3
4
15
10
7
8
1
10
5
1
9
17
0
18
3
5
6
19
7
16
8
18
17
12
13
14
8
2
19
12
17
14
2
8
18
13
5
17
4
5
13
18
8
17
7
15
4
10
5
1
3
4
0
19
3
12
6
10
5
3
19
6
5
7
17
8
13
19
12
4
3
17
0
4
7
15
10
17
18
7
8
17
13
12
9
10
18
5
6
3
10
18
8
2
17
14
12
9
10
1
5
7
17
5
1
9
12
16
10
1
8
7
16
0
18
3
5
6
19
7
16
8
13
7
0
16
19
6
12
14
16
5
1
7
8
16
14
2
18
8
13
10
1
12
9
16
0
1
7
8
16
10
3
12
18
16
9
16
12
18
17
11
