281
1.30169
7
9
5
4
1
9
7
4
1
9
5
9
1
4
1
0
1
9
6
9
5
9
7
4
1
4
5
9
7
0
5
4
10
9
1
9
10
9
7
9
6
9
5
9
1
9
1
4
1
9
5
9
5
9
6
4
1
9
6
9
7
9
6
9
5
9
1
9
1
9
1
9
1
4
5
9
5
4
1
4
5
9
5
9
5
9
11
4
1
4
6
9
1
9
11
4
5
9
6
4
1
9
11
9
6
9
5
9
6
9
5
9
5
9
5
9
5
9
5
9
1
9
5
9
1
9
6
9
1
9
5
9
1
9
6
4
1
9
1
4
6
9
11
9
5
9
6
9
7
4
1
9
1
4
5
9
6
9
5
9
6
9
1
4
6
9
1
4
5
9
7
2
6
9
1
4
7
0
6
9
1
9
7
9
6
9
5
2
7
4
1
4
6
2
1
9
6
9
5
9
1
2
7
9
5
9
1
4
1
9
1
9
1
9
1
4
1
9
7
9
1
9
1
4
6
9
5
9
1
9
1
9
7
9
5
9
1
4
1
9
5
9
7
4
1
9
1
9
7
9
1
9
5
9
1
9
7
9
6
9
1
9
1
4
1
9
7
4
1
9
1
4
7
9
1
2
5
9
6
4
1
