381
0.00404169
2
7
9
5
0
5
9
7
4
9
5
9
5
4
11
4
1
4
2
4
1
4
7
0
4
9
1
9
7
9
1
9
4
0
7
4
10
0
9
5
0
9
7
4
1
4
4
1
4
0
7
9
5
4
1
4
7
0
4
10
9
1
0
1
9
7
9
9
4
10
4
2
4
7
0
4
1
4
0
5
9
7
9
1
4
9
4
7
9
5
9
9
1
9
0
4
10
4
3
4
6
2
4
9
5
4
1
4
5
9
7
9
4
1
4
1
9
7
4
9
1
4
9
7
4
0
4
5
9
7
9
4
9
5
9
7
2
4
9
1
9
7
4
2
6
4
2
7
9
4
9
5
0
7
9
9
5
0
9
7
2
4
1
4
1
4
7
9
4
5
9
4
5
9
7
0
5
9
0
5
9
7
9
5
9
5
9
1
9
7
9
1
4
5
0
4
9
7
0
9
9
1
4
7
0
1
9
2
4
5
9
7
9
5
9
1
4
7
9
5
9
2
9
1
9
3
0
5
4
1
4
7
9
5
2
6
4
11
4
9
10
2
10
9
10
4
5
9
11
9
9
9
9
4
9
1
4
4
10
9
4
1
4
4
1
4
4
1
4
1
4
5
9
5
0
3
9
4
0
1
9
5
4
1
4
3
9
5
9
5
4
1
4
3
0
5
9
5
4
10
9
3
9
5
9
5
4
10
0
3
9
5
9
5
0
4
7
9
9
4
4
1
4
7
0
4
1
9
4
7
9
4
4
9
1
2
4
4
2
7
4
9
4
4
9
7
4
9
1
9
9
4
1
9
7
4
1
4
1
4
7
9
1
9
5
9
7
9
4
5
9
4
1
9
7
4
0
9
5
0
7
