347
1.63992
6
9
1
0
6
9
1
4
1
9
6
9
11
0
6
9
5
0
5
9
5
9
5
0
6
9
7
9
6
9
5
9
7
9
5
9
1
0
5
9
5
0
11
9
5
0
6
9
5
9
1
4
6
9
1
9
1
0
1
9
1
0
5
9
6
9
5
9
6
9
1
9
6
9
1
9
6
9
1
9
7
9
1
9
6
9
5
0
5
9
6
9
5
0
5
9
11
9
5
9
5
9
5
9
5
9
5
9
1
9
1
0
11
4
1
4
6
9
11
9
6
9
1
9
7
9
6
9
1
9
5
9
5
9
1
9
1
4
5
0
6
4
1
9
6
9
1
4
5
9
5
0
1
9
5
9
6
9
11
9
5
9
5
0
7
9
6
9
1
9
11
9
6
0
5
9
6
4
1
9
6
9
1
9
6
9
5
9
6
9
1
9
1
9
6
4
1
9
1
9
5
9
1
9
11
9
6
9
1
9
11
0
1
9
1
9
6
9
11
9
6
4
1
0
5
9
6
9
5
9
6
0
5
9
5
9
5
9
6
9
1
9
6
9
1
9
5
9
6
9
1
9
6
9
1
9
5
9
6
9
5
9
5
9
6
9
1
0
6
9
1
9
6
9
1
9
6
9
1
9
6
9
1
9
6
0
7
9
6
9
5
9
5
9
6
9
5
9
6
9
5
9
6
9
5
9
6
9
1
9
1
0
6
4
1
9
5
9
6
9
1
4
6
0
1
4
5
0
5
9
6
9
11
9
6
9
1
0
5
9
6
9
5
9
11
9
6
