408
0.00473286
6
4
10
4
6
9
5
4
3
9
6
9
9
9
6
9
11
4
6
0
9
9
11
9
5
9
6
9
4
5
0
6
9
5
0
1
4
6
9
11
9
5
0
6
9
10
4
1
0
6
4
0
4
11
9
9
9
6
9
9
4
9
0
6
9
10
4
6
0
10
9
9
6
9
10
4
6
0
4
4
10
4
6
0
9
10
9
10
4
6
0
5
9
5
0
6
9
1
0
6
9
1
9
6
0
5
4
1
0
11
9
6
9
4
5
9
6
4
9
5
9
6
9
5
0
11
4
10
0
6
9
0
5
9
10
4
10
9
6
0
9
4
1
0
6
9
5
0
6
9
1
0
1
4
1
9
6
9
9
1
4
10
4
4
1
4
6
0
4
1
0
5
4
0
5
4
1
9
5
0
5
9
1
9
6
0
5
9
6
9
1
9
1
0
6
9
9
9
6
9
5
9
2
9
6
0
1
9
6
9
4
10
0
6
9
9
10
0
5
4
1
9
10
9
11
4
1
9
6
9
1
9
1
4
5
0
6
4
1
9
4
9
6
9
0
9
1
0
9
10
9
6
9
1
9
6
0
5
4
9
6
4
9
4
6
0
1
9
6
9
5
0
5
9
6
9
1
4
1
9
6
0
1
4
0
6
4
0
5
9
0
4
11
9
6
9
1
9
9
1
0
6
4
9
5
2
9
5
9
0
4
6
2
5
4
9
5
4
0
6
4
9
5
9
4
6
9
5
4
9
6
9
9
9
6
9
10
9
6
9
1
9
6
4
9
4
6
9
5
9
6
9
5
4
1
4
1
9
5
9
5
9
6
9
5
9
5
9
6
0
5
9
6
9
5
9
6
9
5
9
6
9
1
4
9
6
4
9
9
6
9
5
2
5
9
6
9
9
4
6
9
5
9
5
0
5
9
6
