399
3.95866
7
4
1
9
1
0
5
4
11
4
0
6
4
1
9
11
4
1
4
5
0
7
9
4
0
5
9
7
9
5
0
5
9
7
9
5
4
1
9
7
9
1
4
1
9
7
9
5
9
5
9
11
4
5
9
5
9
1
4
11
9
5
4
1
4
11
9
4
6
9
4
11
9
6
9
5
9
7
4
9
5
4
9
7
4
1
4
10
4
7
9
5
9
10
4
7
9
5
9
5
2
7
9
9
5
9
6
9
5
9
7
9
1
9
5
9
7
0
5
9
5
9
7
9
5
9
5
9
7
9
5
2
5
9
7
4
10
0
5
9
5
9
6
0
7
9
6
4
1
0
4
7
9
1
9
6
9
7
9
5
9
5
0
7
9
5
9
5
2
7
9
5
4
9
5
9
7
0
1
4
1
0
5
9
7
9
6
9
5
9
7
0
5
9
9
0
11
4
5
0
1
9
6
0
7
9
5
9
5
9
7
9
5
0
5
9
11
2
1
4
6
9
7
9
4
5
0
5
9
4
11
0
1
9
1
0
11
9
1
0
5
9
7
4
1
4
1
0
7
4
1
0
1
9
7
9
9
6
9
5
9
11
9
5
9
5
9
7
9
1
4
6
0
7
4
9
5
4
1
0
7
9
5
9
5
4
1
9
7
9
6
4
1
4
7
0
5
9
1
9
7
9
9
5
0
5
4
11
0
1
9
5
9
5
0
11
9
5
9
5
9
1
9
7
0
5
9
5
0
7
9
5
0
1
9
7
9
5
9
5
9
7
0
1
9
5
9
11
9
5
9
6
9
7
9
5
0
5
9
9
7
9
5
9
1
9
7
9
6
9
5
9
5
9
10
9
7
4
1
4
1
9
7
4
1
4
5
9
5
9
1
0
7
9
5
0
9
4
11
