354
0.000296316
7
4
9
10
9
5
4
10
4
10
4
3
9
1
4
5
0
9
6
0
4
9
3
4
9
10
0
4
9
0
6
4
11
4
9
1
0
5
4
10
4
9
10
4
6
0
1
9
4
5
0
5
9
5
9
1
9
4
3
0
6
9
4
0
5
9
5
4
9
10
4
5
9
9
11
0
5
4
0
1
4
6
9
9
0
7
9
0
5
9
9
1
0
3
9
6
4
0
4
6
9
4
0
3
9
5
9
5
0
7
9
0
9
4
6
9
4
9
9
6
0
7
4
1
9
9
5
9
5
4
1
4
5
9
9
0
6
9
5
4
9
0
9
9
0
4
7
0
9
5
9
4
5
9
1
4
1
0
7
9
1
0
1
9
1
4
1
4
1
0
5
9
7
9
1
0
5
4
1
4
1
0
7
9
5
0
5
4
1
9
1
9
1
9
7
9
1
9
1
9
1
4
5
0
1
4
1
4
1
4
1
9
7
0
1
4
1
4
1
9
1
0
5
9
1
9
1
9
1
0
1
4
1
9
5
4
1
9
5
9
1
4
1
4
1
4
1
4
7
9
5
4
1
9
1
9
1
4
1
9
5
9
5
9
5
4
9
5
9
7
9
5
9
1
9
4
7
9
5
9
5
9
4
1
4
1
4
1
4
7
9
9
5
9
1
4
9
7
4
1
4
1
4
1
4
7
9
4
4
1
4
7
9
9
9
1
4
7
9
4
4
1
4
1
9
1
4
4
9
9
9
7
4
1
4
5
9
9
9
5
9
9
4
9
5
9
9
9
9
5
9
5
9
5
