366
2.31851
11
0
9
9
9
2
7
4
9
9
9
9
11
0
4
10
0
4
11
9
5
9
0
4
7
0
10
4
9
9
7
9
4
5
9
10
4
7
0
5
9
5
9
7
4
9
4
4
9
11
9
4
4
9
9
7
4
10
4
4
9
7
9
4
4
0
9
7
9
9
9
1
2
7
4
2
9
5
0
11
9
0
10
4
0
11
4
0
5
9
0
7
4
9
5
0
5
9
11
4
4
0
4
4
3
9
4
9
5
4
3
4
9
9
4
9
7
4
9
4
4
0
7
4
0
9
4
9
4
7
0
10
9
10
9
7
4
0
9
5
0
7
4
9
4
9
4
7
0
5
4
0
4
7
0
10
9
9
4
7
2
10
9
5
0
7
9
4
4
9
0
11
4
5
9
0
9
7
9
4
10
9
9
11
4
6
9
4
9
11
2
5
4
2
5
4
3
9
4
4
0
5
9
0
7
9
10
9
9
4
4
11
4
4
9
4
5
9
9
7
9
9
5
4
9
4
7
9
4
5
9
9
7
4
0
4
10
9
7
0
5
4
2
4
1
9
0
7
4
0
4
5
0
7
4
0
5
9
9
11
9
4
4
10
0
7
4
9
4
5
9
7
2
9
9
9
9
11
4
10
9
9
9
11
4
4
0
10
4
11
9
0
5
4
0
7
9
0
9
5
0
7
9
0
10
9
0
11
9
0
4
9
4
7
0
9
10
0
4
4
0
7
9
9
5
0
5
9
3
4
4
9
5
0
7
9
4
4
9
4
11
9
9
4
9
9
7
9
4
9
10
4
9
7
4
9
5
9
2
7
9
4
0
9
9
11
