402
0.00273008
7
9
6
9
1
0
4
5
0
9
3
0
5
4
1
4
7
0
5
4
9
9
1
9
1
9
7
9
5
9
5
9
6
9
7
9
4
5
9
9
7
9
5
9
5
9
3
4
5
0
1
9
7
0
6
9
1
9
5
0
5
9
5
4
9
4
5
9
3
4
1
9
6
9
1
9
7
0
1
9
0
1
9
5
9
5
0
7
9
0
1
4
4
3
4
5
9
1
4
6
0
10
4
6
0
7
9
6
9
5
9
7
4
10
4
10
4
7
0
5
9
6
0
5
9
10
9
7
9
5
9
6
0
7
4
10
4
1
0
3
9
6
4
1
0
7
9
10
9
6
0
1
4
7
9
1
4
4
1
9
7
9
1
9
1
9
7
9
5
4
9
4
7
0
1
4
5
9
5
9
9
5
4
3
9
5
4
9
5
4
1
4
7
9
1
4
5
0
7
4
10
4
5
0
7
4
1
4
5
0
7
9
5
0
9
5
0
7
9
5
4
1
0
5
9
7
0
5
4
1
2
3
4
5
0
9
5
9
5
9
5
0
5
9
5
9
5
9
5
0
7
9
9
5
9
5
9
5
9
7
9
1
9
6
9
7
9
5
0
5
4
1
4
1
9
7
2
5
9
1
9
5
2
5
9
7
9
1
0
5
9
7
9
5
0
4
1
2
7
9
5
2
4
1
9
0
7
4
1
4
5
0
5
9
0
9
5
9
1
4
5
9
5
4
3
9
10
9
6
9
5
9
7
0
9
5
4
1
4
7
0
4
1
4
5
0
4
5
9
1
4
10
9
7
0
1
9
6
9
1
4
7
9
6
9
1
0
3
9
1
4
9
5
4
9
7
0
5
4
9
5
0
7
4
1
9
8
5
9
7
9
1
4
5
0
5
9
7
9
0
4
9
