385
2.71683
7
4
9
5
4
9
7
4
9
9
5
4
11
0
5
4
0
4
7
9
4
4
10
4
7
9
4
2
4
9
7
9
5
0
4
9
7
4
2
4
4
9
7
9
4
4
1
9
7
9
1
2
1
4
7
9
9
9
5
0
7
9
0
5
4
9
7
9
2
1
4
9
7
4
9
4
1
4
7
9
5
9
4
9
7
9
0
9
5
2
1
4
7
9
9
2
5
4
11
0
9
5
9
9
7
4
9
4
9
4
7
2
5
4
2
9
7
2
5
9
1
0
11
9
4
4
9
9
10
9
7
0
4
9
5
0
11
4
1
4
5
9
7
2
4
9
5
4
2
7
4
1
9
5
9
9
7
2
4
5
0
5
9
7
2
10
4
5
2
7
4
9
4
5
2
11
9
5
2
5
4
11
4
4
1
9
4
7
9
5
4
9
5
4
2
7
9
5
9
9
4
0
11
9
0
5
4
0
7
9
9
0
1
4
7
0
5
9
1
0
7
9
0
9
5
9
7
9
5
9
1
9
7
9
2
4
10
4
11
9
5
4
0
4
7
0
1
9
0
4
7
2
4
5
9
4
5
0
7
4
0
9
9
10
0
7
9
4
9
4
10
9
7
4
9
10
9
5
4
10
9
7
4
9
9
9
4
7
9
9
5
4
9
11
4
5
2
5
4
3
9
4
2
5
4
2
7
4
2
4
4
2
7
9
2
10
4
4
1
4
7
2
9
5
9
9
7
9
1
2
9
9
7
4
1
0
9
5
9
7
9
2
4
4
0
7
4
9
5
0
4
7
0
4
4
1
4
5
9
0
11
4
9
1
0
4
7
0
4
4
10
0
7
4
2
4
10
4
7
0
5
4
1
4
7
