304
0
1
0
3
9
0
1
4
10
9
11
0
1
9
10
4
11
9
4
1
4
2
11
4
0
4
4
10
4
0
9
1
2
11
9
10
0
4
5
0
4
4
1
4
2
1
4
11
0
5
4
2
5
4
10
0
10
4
3
0
4
10
2
9
4
3
9
0
9
5
0
11
9
9
1
4
1
4
11
0
1
9
5
4
0
5
4
3
0
1
9
4
9
1
4
5
9
1
4
3
9
4
4
1
9
5
0
11
4
9
0
5
4
0
4
9
1
9
9
4
4
1
4
1
0
4
9
0
4
4
9
9
0
5
9
5
4
0
5
9
1
0
9
5
4
0
4
4
1
4
1
9
1
4
1
0
4
9
0
5
9
1
0
1
4
5
9
0
5
9
5
4
9
4
5
9
5
9
9
1
4
1
4
5
9
1
9
1
4
5
9
4
5
9
4
4
1
4
5
9
9
5
4
9
5
9
9
5
9
9
5
9
9
5
9
5
9
5
9
9
5
9
5
9
9
9
5
9
5
9
9
9
9
9
5
9
9
5
9
5
9
9
9
5
9
5
9
5
9
9
9
9
9
9
5
9
9
5
9
9
5
9
5
9
9
9
5
9
9
5
9
5
9
9
5
9
9
5
9
5
9
9
9
9
9
9
9
9
9
9
9
9
9
9
9
9
9
9
9
9
9
9
9
9
9
