360
0.000235887
0
1
4
0
4
11
4
2
9
5
0
11
4
0
5
4
10
4
5
9
11
0
1
9
9
5
9
3
9
4
4
0
9
11
0
1
4
0
4
5
9
0
4
1
0
9
3
0
1
9
0
9
3
9
0
5
4
9
9
4
0
4
4
9
0
9
4
0
9
5
4
9
5
9
4
5
9
1
4
9
4
1
0
9
4
1
4
5
9
9
0
4
5
0
9
4
5
0
5
4
1
0
5
9
9
1
0
5
9
9
5
9
0
1
9
0
1
9
1
4
9
5
9
1
0
1
9
1
4
1
4
1
4
9
4
0
4
9
9
4
1
9
9
1
0
9
9
9
0
9
5
0
4
4
0
5
4
0
4
4
9
5
4
0
5
9
9
9
5
0
9
5
0
9
9
9
5
9
9
5
9
5
4
0
9
9
5
9
9
9
5
9
4
5
0
5
9
5
4
0
5
9
9
9
4
0
9
4
0
4
4
0
9
9
0
9
5
4
9
0
5
4
9
0
9
5
4
0
9
4
5
0
4
9
4
9
4
0
4
5
9
4
5
9
5
9
5
4
9
4
5
9
5
0
4
5
0
4
5
9
5
4
0
5
4
0
5
4
9
5
9
4
4
0
5
4
0
5
9
5
4
9
5
0
5
9
5
0
5
9
5
0
5
9
5
9
5
9
5
9
5
0
5
9
5
9
5
0
5
9
5
9
5
0
5
9
9
0
5
9
5
9
9
9
9
9
9
9
5
9
5
9
5
9
9
5
9
9
9
9
9
5
9
5
9
5
9
5
9
9
9
9
5
9
5
9
9
9
9
5
