299
0
4
5
9
9
0
3
4
8
10
9
5
4
0
5
4
9
9
4
10
2
10
9
9
0
1
4
2
5
4
10
2
9
10
0
5
4
3
9
5
0
10
9
8
5
9
8
3
9
0
1
9
10
9
10
0
1
4
5
9
4
1
0
5
4
0
1
9
0
4
4
1
4
4
1
9
1
0
10
4
4
10
0
9
9
5
9
4
1
9
0
10
9
9
9
5
0
3
4
10
0
10
9
9
9
5
9
0
9
5
9
5
0
9
9
5
4
9
3
4
0
5
4
9
1
0
1
4
1
4
1
9
1
0
5
4
1
9
5
9
1
9
5
9
5
9
5
9
9
5
9
5
9
5
9
9
9
1
9
9
5
9
9
5
9
9
9
1
9
5
9
5
9
5
9
1
9
5
9
9
1
9
5
9
9
5
9
1
9
1
9
9
1
9
1
9
9
1
9
1
9
9
9
1
9
1
9
1
9
1
9
9
1
9
9
9
9
9
9
9
9
9
9
9
9
9
9
9
9
9
9
9
9
9
9
9
9
9
9
9
9
9
9
9
9
9
9
9
9
9
9
9
9
9
9
9
9
9
9
9
9
9
9
9
9
9
9
9
9
9
9
9
9
9
9
9
9
9
9
9
9
9
9
9
9
9
9
9
9
9
9
9
9
9
9
9
9
9
9
9
