304
0.00283013
5
0
5
9
6
9
4
0
6
9
5
4
11
0
1
4
5
9
6
9
5
2
5
9
1
4
5
9
5
9
6
9
9
5
0
6
4
1
9
5
4
1
4
6
2
1
9
6
2
5
9
9
6
9
9
1
0
6
9
5
9
1
9
4
6
0
5
9
0
9
4
6
0
5
4
9
6
4
9
5
4
1
2
6
9
4
1
9
4
6
0
5
9
6
4
9
5
9
6
9
5
4
9
6
9
5
0
5
4
0
5
4
9
9
9
6
9
5
9
5
9
5
0
6
9
4
9
0
6
9
5
9
0
9
6
4
9
0
6
9
5
0
5
9
6
4
9
9
6
9
5
2
6
9
5
9
6
2
9
5
4
0
6
9
5
0
1
4
2
6
4
1
4
0
6
9
5
2
4
6
9
1
4
9
6
0
5
9
1
0
6
9
9
5
4
9
6
9
5
9
5
9
5
9
6
0
4
5
0
6
4
9
1
9
9
9
6
9
5
9
6
9
5
9
3
9
6
9
9
9
6
9
4
9
9
6
9
9
5
9
6
9
5
0
5
9
6
9
9
9
5
9
1
9
9
6
0
5
9
5
9
0
6
9
1
9
6
2
9
5
9
5
9
6
9
5
9
6
4
9
5
0
6
9
5
9
9
6
9
5
9
6
9
9
5
0
9
6
9
1
0
6
9
5
