484
11.7662
10
15
22
20
22
15
16
14
24
23
3
19
21
23
24
11
0
23
21
14
0
2
7
24
12
6
8
24
16
23
1
0
22
6
23
17
18
21
6
8
21
24
4
17
4
21
14
0
9
6
12
24
1
23
3
18
21
23
1
10
16
24
8
24
18
20
8
0
22
16
14
7
20
22
16
8
0
23
21
4
21
5
24
12
0
23
7
0
12
6
23
7
4
20
3
22
20
19
24
23
0
21
8
0
22
3
8
24
4
24
14
17
16
18
24
8
21
22
6
11
21
20
14
17
23
6
18
17
24
21
16
4
7
21
22
6
8
20
4
20
11
20
23
24
16
6
8
21
14
16
17
22
0
23
7
22
6
10
17
22
24
4
17
18
24
12
6
24
2
1
14
20
10
1
10
20
22
15
14
3
23
1
18
20
18
17
14
3
12
1
2
20
18
7
14
20
6
9
6
21
22
7
2
0
12
1
23
6
4
1
14
24
10
7
14
0
20
9
6
23
20
1
16
6
23
1
20
4
20
18
17
12
6
20
9
6
12
24
10
17
22
16
21
18
17
23
6
23
16
22
17
18
21
2
1
22
16
23
6
12
17
0
22
20
4
1
12
20
18
21
18
17
24
2
24
8
0
12
0
8
24
18
24
11
21
14
3
17
22
20
6
2
17
14
21
18
15
14
21
12
1
2
6
22
17
22
20
4
15
23
24
20
14
1
10
16
14
21
8
24
16
4
17
22
24
14
6
16
8
24
23
20
11
3
14
20
9
0
18
20
8
24
2
20
11
20
22
16
14
17
6
23
20
0
8
16
14
24
13
21
14
0
17
21
18
20
2
1
23
20
22
17
2
0
23
1
20
14
3
8
6
23
24
10
17
18
20
12
6
9
3
24
23
0
17
10
24
14
7
22
0
2
7
24
22
20
8
6
3
14
17
22
0
3
17
22
20
12
6
2
17
14
24
2
1
10
21
14
16
1
2
21
22
3
17
22
3
21
14
15
20
14
3
9
6
12
24
18
17
23
6
21
2
24
9
6
21
18
21
8
6
12
16
1
22
6
23
1
18
20
18
7
14
21
22
15
16
22
20
8
24
2
20
11
