283
5.81823
15
18
21
22
2
20
15
8
17
13
15
18
2
8
15
20
21
22
2
18
21
22
2
20
21
13
17
22
2
18
6
16
20
21
13
17
22
24
12
23
9
6
0
23
9
13
2
18
2
13
17
13
16
10
16
6
20
6
16
5
9
7
4
24
16
19
12
5
22
2
18
19
16
24
9
10
22
0
23
12
19
11
19
0
23
8
15
8
15
18
2
8
15
20
21
13
2
20
24
12
20
19
12
18
15
22
12
10
22
15
8
23
12
19
18
15
22
10
12
22
2
18
15
8
17
13
16
5
9
19
0
18
2
22
4
13
2
20
7
9
10
13
2
20
14
8
17
22
15
18
6
9
23
0
24
9
19
12
10
22
15
13
17
8
2
18
15
13
17
8
15
20
24
9
10
16
24
16
10
9
13
23
12
7
9
5
8
15
20
21
22
19
0
10
16
7
4
6
16
23
8
16
10
16
19
0
18
2
22
21
20
21
22
12
23
12
7
9
24
4
22
15
8
3
22
2
18
19
0
23
9
6
11
7
9
5
12
22
23
12
7
4
7
12
19
11
19
0
23
12
19
18
16
6
20
2
22
0
10
16
19
11
7
12
7
12
23
16
6
18
9
22
1
8
2
20
15
13
19
12
23
22
14
