474
24.5996
20
3
15
5
6
12
20
5
11
18
5
6
12
7
11
16
8
0
22
24
2
5
6
12
18
1
14
9
21
22
14
9
24
10
14
8
0
2
16
1
12
15
21
22
3
15
21
14
2
0
8
14
2
0
11
18
11
7
8
18
1
16
8
24
10
14
9
21
22
14
21
8
16
11
17
11
3
0
15
3
10
24
15
3
10
12
15
7
22
12
21
15
14
8
16
0
2
12
7
11
18
1
3
15
18
1
12
6
7
11
12
2
7
15
12
10
24
22
21
22
24
10
24
22
21
22
12
6
12
22
21
22
24
1
18
11
7
12
8
7
11
14
9
21
14
11
17
11
24
10
18
11
5
20
18
11
5
2
16
15
5
2
16
9
5
2
16
15
5
2
16
9
5
2
16
9
5
22
18
15
5
2
3
15
0
2
12
15
7
14
8
21
6
14
8
12
7
15
12
2
7
15
12
10
12
6
0
8
14
9
7
8
14
9
7
8
14
15
17
8
14
0
2
12
15
7
8
12
13
14
15
12
6
12
22
21
15
3
22
21
15
3
1
18
11
21
22
16
1
24
22
12
6
21
22
12
10
24
6
5
8
14
20
5
8
14
19
14
15
12
2
7
15
12
22
17
15
12
10
12
16
8
7
8
16
1
18
8
5
6
12
13
12
22
21
15
3
10
12
15
21
14
8
7
9
14
8
0
2
14
9
0
14
2
0
15
3
8
7
15
12
1
16
2
5
15
18
22
5
9
18
22
5
9
16
2
5
15
18
10
12
11
7
22
24
8
16
1
3
9
0
22
12
20
0
22
12
17
11
16
1
16
8
0
2
14
21
15
14
1
18
8
7
11
18
8
5
22
3
11
21
6
14
8
5
20
14
8
0
20
14
11
0
11
18
1
3
15
7
8
3
1
16
8
21
22
16
1
24
22
3
15
24
10
12
6
12
0
2
16
5
9
3
6
5
9
3
6
5
9
14
17
11
24
10
3
15
5
15
3
13
12
11
16
2
0
8
16
8
7
11
14
19
3
15
5
3
6
24
1
14
2
21
11
16
10
12
15
17
11
14
8
17
15
