289
6.16379
12
22
20
9
17
0
15
5
3
15
0
9
6
10
20
22
21
14
17
23
14
3
15
0
3
20
14
3
20
10
20
3
23
1
19
15
10
11
1
0
15
19
1
9
12
8
0
1
8
12
9
19
15
0
15
22
12
9
6
14
23
17
0
15
5
22
21
10
12
8
13
10
7
10
20
22
21
10
24
14
12
8
12
10
20
22
21
10
7
14
12
8
12
10
24
5
18
11
18
5
15
0
22
21
10
7
10
20
22
21
14
6
9
12
14
20
3
21
14
7
10
12
8
13
14
21
3
1
23
17
14
21
22
18
23
16
10
20
3
20
9
12
8
12
14
21
22
20
10
6
9
12
22
20
10
19
15
0
15
19
1
23
17
14
21
22
15
0
17
23
1
11
18
0
24
5
18
11
18
0
8
13
10
20
3
18
23
17
23
1
3
21
14
7
14
21
3
13
9
18
0
24
9
20
3
21
10
24
5
15
19
18
23
24
23
18
3
23
1
11
18
0
24
5
18
23
17
5
15
10
7
10
13
8
21
14
17
23
18
4
15
0
22
21
10
24
5
10
11
18
23
22
18
23
3
5
9
6
9
0
22
9
18
19
15
5
17
23
10
21
8
13
9
17
0
15
19
1
23
18
19
15
5
24
0
18
11
14
13
