290
3.50237
14
8
12
16
3
5
9
16
0
20
14
15
9
4
3
11
12
9
2
13
18
20
6
24
4
9
16
3
8
0
7
2
13
11
0
22
24
15
24
2
0
11
0
20
18
2
18
16
13
1
18
8
12
2
12
24
16
9
1
0
9
16
24
20
3
8
0
18
13
2
18
16
24
16
3
10
0
8
0
1
9
0
8
13
1
18
15
18
2
13
11
12
11
12
2
18
4
24
2
13
4
24
11
3
13
16
18
2
12
10
13
10
6
13
10
13
22
7
15
12
23
18
20
7
2
0
11
13
1
24
15
24
15
6
15
12
11
24
1
12
20
7
6
15
9
15
14
15
13
11
6
4
13
11
6
15
7
12
2
24
15
18
2
0
11
12
23
7
0
20
6
5
9
4
6
20
13
11
7
23
0
20
18
11
3
4
0
8
9
1
13
4
9
1
18
15
13
2
9
18
16
13
22
18
15
24
2
0
11
12
1
9
16
7
2
13
7
20
6
11
12
11
13
23
0
9
16
6
11
12
11
0
1
9
4
18
23
0
8
0
2
18
0
24
15
3
10
13
5
6
15
0
10
24
16
13
15
14
7
15
0
6
8
12
24
16
6
8
13
16
14
15
18
16
3
24
0
11
0
6
11
13
12
11
12
9
15
6
7
20
