281
3.98872
14
2
8
24
10
3
5
15
2
22
23
19
7
13
23
4
10
12
11
17
2
15
5
0
20
23
4
23
2
15
2
22
24
6
16
13
21
22
24
19
7
9
23
18
3
13
10
23
13
15
20
24
22
0
1
24
9
16
11
15
2
14
1
13
23
4
21
20
0
19
5
16
13
15
2
1
3
8
21
11
17
9
24
1
3
9
10
24
9
8
7
1
17
19
7
20
15
13
16
5
0
19
21
18
2
14
8
24
20
17
19
21
18
17
5
0
20
24
22
24
4
21
6
7
5
17
19
21
1
3
6
16
11
14
22
24
20
17
19
21
1
3
6
16
2
23
22
19
21
1
3
9
18
21
19
16
6
7
6
20
0
11
15
20
0
5
3
10
23
2
15
2
6
16
13
23
18
14
20
7
6
14
18
20
0
6
24
10
14
11
17
5
4
24
13
1
21
19
17
2
23
4
23
9
7
6
5
0
20
15
11
17
2
17
5
3
18
14
2
17
5
3
1
9
24
10
9
24
8
7
9
23
18
9
14
18
23
20
0
19
16
5
0
11
17
5
3
10
24
19
16
20
3
8
24
2
4
9
21
18
3
5
17
11
3
10
12
11
17
2
21
8
19
16
20
3
8
20
2
15
6
