281
6.73503
12
17
13
3
0
17
11
19
0
4
1
24
21
10
15
24
21
23
2
23
5
16
15
10
5
16
6
4
18
8
13
2
20
21
24
6
4
18
19
13
15
4
18
6
20
15
4
11
2
20
1
17
21
20
15
10
1
18
6
10
15
20
21
24
22
23
2
20
22
11
22
20
2
1
10
15
7
15
10
1
0
1
23
2
23
21
8
11
19
18
7
15
11
7
0
1
8
14
8
21
24
22
20
5
16
1
10
15
24
21
24
2
20
1
17
12
6
16
5
16
5
24
6
17
13
3
18
2
23
6
18
4
13
8
21
24
21
11
22
20
6
18
1
10
15
10
1
0
3
0
3
18
19
18
19
12
8
0
19
12
8
11
7
0
3
11
17
13
2
24
5
24
21
20
15
12
3
0
19
18
19
12
8
14
3
0
19
12
8
14
15
7
13
8
12
17
6
20
2
23
5
16
21
23
15
4
0
19
11
17
18
19
13
17
0
3
13
17
5
13
15
21
24
5
20
15
10
22
23
6
17
14
8
11
7
0
3
11
17
21
16
1
4
0
3
13
17
12
19
15
14
4
15
16
21
14
8
11
4
0
19
11
17
14
8
13
4
0
3
1
16
21
4
15
3
14
2
16
1
18
4
