493
15.3301
16
23
18
2
5
1
0
2
20
9
21
11
6
20
17
8
18
22
21
5
20
21
19
11
9
11
6
21
20
5
21
22
12
24
10
6
1
8
24
6
22
16
21
22
12
14
0
23
7
9
10
18
8
18
5
19
11
9
21
22
21
4
2
9
18
0
4
2
9
1
0
2
1
2
9
4
13
21
14
19
3
7
8
24
9
23
7
16
19
4
12
2
15
21
23
4
6
2
18
5
23
24
9
0
7
3
23
7
4
19
1
16
2
20
7
5
0
1
16
19
14
12
0
18
10
14
12
8
18
17
10
1
6
8
7
3
10
24
3
2
1
14
13
16
7
23
9
24
8
19
4
5
13
18
10
16
15
0
6
4
8
9
24
19
16
15
0
23
7
16
19
1
10
17
20
21
22
5
18
11
12
10
15
21
22
21
23
14
21
19
18
5
8
18
2
20
5
18
10
13
7
20
17
3
11
6
17
20
21
1
2
9
11
6
24
22
21
23
7
3
2
1
17
23
24
14
23
17
20
17
8
18
9
11
2
23
18
5
0
14
23
21
15
0
9
4
2
9
18
8
7
12
22
5
21
22
18
21
10
18
19
16
4
19
4
17
23
14
12
0
22
8
9
24
0
15
20
14
21
19
15
8
16
18
19
10
4
23
17
18
10
9
4
0
12
22
17
8
4
6
23
7
16
22
0
4
19
16
15
0
0
15
23
5
24
19
14
23
16
18
2
9
11
21
15
19
4
16
19
1
7
10
3
7
8
12
14
23
17
15
0
15
16
19
4
12
2
24
15
13
7
16
23
22
21
17
20
9
24
0
15
16
2
18
16
2
20
17
20
17
12
11
17
12
22
0
5
1
0
9
24
22
8
12
7
8
9
18
8
2
1
5
2
4
12
22
16
17
20
21
9
11
2
18
3
10
24
15
0
3
14
13
5
18
2
18
5
13
7
11
9
13
24
5
8
22
12
7
8
3
22
21
17
20
17
1
0
15
16
19
4
13
5
4
19
3
24
10
9
18
0
4
9
22
21
21
20
15
14
0
12
15
0
14
6
8
15
21
23
7
8
6
11
23
17
1
2
23
7
3
8
7
23
6
11
16
7
23
6
7
8
3
1
