272
3.82165
5
3
14
4
11
9
5
11
7
14
1
15
7
1
11
5
7
0
14
5
3
14
4
12
5
11
9
14
0
14
9
11
5
12
4
11
5
5
12
4
14
3
5
14
2
14
5
11
7
15
1
14
3
14
4
12
5
11
9
0
14
9
11
5
8
11
5
12
5
0
14
3
14
5
11
7
15
1
14
9
11
4
3
14
5
11
8
14
1
14
1
14
0
11
9
5
11
8
14
1
14
3
14
4
11
9
5
11
7
14
1
14
9
0
14
9
11
1
15
7
11
5
7
1
11
0
7
14
1
14
3
14
4
12
5
5
11
7
15
1
14
1
14
2
5
11
7
5
0
14
5
11
9
14
0
14
5
12
5
14
0
14
5
12
5
11
7
15
1
14
7
11
6
12
1
14
7
11
6
7
1
14
7
11
5
17
1
14
7
11
5
18
0
14
7
11
1
8
14
1
14
7
11
6
14
1
14
7
11
5
17
1
14
7
11
5
17
1
14
7
11
5
15
1
14
7
11
5
12
1
15
7
11
5
11
8
11
5
12
5
14
2
5
11
5
12
4
14
3
14
1
14
7
11
5
5
12
4
14
3
14
1
8
14
1
14
5
2
14
5
12
5
