281
3.74333
20
10
12
6
8
14
5
12
9
5
14
10
12
6
18
4
18
5
17
5
15
5
12
10
18
0
20
5
12
10
18
0
20
5
17
5
12
9
12
5
14
8
15
5
12
10
18
0
20
5
12
8
20
1
13
8
5
14
5
16
5
13
8
12
5
14
8
19
1
18
10
12
5
17
6
5
12
10
20
0
18
5
17
5
20
3
18
5
4
18
6
17
5
5
16
7
20
2
18
5
15
4
18
5
12
9
14
5
10
12
5
10
12
7
16
5
5
17
7
12
5
16
5
18
3
20
1
18
8
12
7
8
12
5
8
12
7
12
5
20
2
20
5
12
9
5
12
10
20
0
18
5
12
8
18
1
18
8
14
6
14
8
5
12
8
18
1
20
9
12
5
18
4
19
5
14
8
20
0
18
8
12
5
20
0
20
8
12
5
20
3
18
5
17
5
12
10
13
5
18
4
18
5
16
7
18
4
18
5
0
20
5
14
5
8
14
5
13
10
18
1
18
9
14
5
5
17
6
20
2
18
5
16
7
20
2
18
5
17
5
20
2
18
7
12
5
20
2
20
5
16
7
18
4
18
5
14
8
12
6
16
5
20
2
20
5
13
8
18
1
18
9
14
5
8
14
5
5
12
11
20
