283
3.96624
6
11
5
6
15
6
4
3
18
4
13
7
5
13
7
4
13
8
13
4
7
13
5
16
4
4
15
6
6
12
7
18
1
6
8
11
4
16
6
11
7
4
13
7
4
14
7
6
11
7
1
18
3
18
6
16
4
4
15
6
11
4
18
1
20
7
11
4
18
3
11
6
7
1
19
7
1
18
7
1
19
7
11
6
15
6
18
3
18
6
15
1
19
7
13
4
7
2
18
7
1
18
8
1
18
6
11
7
6
11
4
5
16
4
4
1
21
4
2
21
4
13
7
13
5
21
1
18
7
14
4
15
6
4
17
4
4
13
7
18
1
19
9
11
4
9
11
6
8
11
6
21
1
18
7
11
6
11
9
4
12
9
18
1
21
4
11
9
4
14
7
11
6
21
1
5
11
7
11
4
7
1
20
7
11
4
9
12
6
7
11
4
10
11
6
7
11
5
6
16
4
4
15
6
14
4
15
4
4
16
5
4
16
4
4
17
4
11
7
18
1
23
4
0
21
6
11
9
11
5
9
11
4
21
2
18
9
11
4
23
0
18
6
15
6
11
7
18
1
20
7
11
4
6
15
0
18
9
11
4
23
0
11
6
7
11
5
21
1
18
7
1
19
9
11
4
21
0
18
4
13
9
19
