286
4.47755
22
9
14
11
0
13
9
16
9
19
3
20
7
18
7
13
10
22
1
7
16
7
10
5
7
13
11
15
7
20
3
7
19
5
20
7
13
7
23
1
20
11
13
7
20
5
8
13
7
1
22
7
14
11
14
8
11
13
9
22
2
13
7
20
3
20
8
16
9
13
9
16
7
1
22
9
13
11
20
0
22
9
13
11
14
7
22
1
19
11
14
7
22
1
19
11
14
7
20
3
19
7
18
7
20
3
19
9
16
9
13
11
9
13
12
9
13
11
14
8
20
3
7
20
3
21
7
13
11
9
15
11
13
7
5
10
13
11
13
9
22
1
19
11
14
7
20
3
19
9
3
9
13
7
23
1
7
18
7
7
14
11
13
10
22
1
7
22
2
13
5
7
13
7
22
2
20
11
13
7
14
12
13
9
16
7
20
4
7
20
3
20
7
4
20
7
18
7
19
5
13
9
16
7
20
0
20
11
13
9
16
9
8
3
9
13
9
7
17
9
13
9
22
0
20
11
14
7
23
1
7
18
7
13
9
4
9
7
16
9
7
15
7
11
13
7
18
10
7
16
7
20
5
13
8
11
14
1
13
11
7
15
11
13
9
16
10
13
11
9
13
11
9
0
3
20
7
1
23
7
1
22
7
1
12
20
