377
8.1863
23
8
13
4
14
6
21
2
21
6
3
15
6
21
2
7
21
2
21
6
13
12
6
15
6
6
19
6
15
10
6
1
23
8
13
10
16
6
21
2
6
20
4
6
8
13
10
8
14
10
13
6
13
8
14
10
8
13
10
21
0
23
6
15
10
9
13
6
21
2
20
6
15
6
6
13
9
15
10
6
13
10
21
0
23
6
15
10
6
15
7
21
2
13
6
23
1
21
6
17
6
20
4
21
6
17
7
21
4
6
6
18
6
15
6
8
14
6
8
17
8
7
13
4
6
21
0
23
8
13
4
20
6
4
6
21
0
23
8
13
6
16
10
8
13
10
21
0
23
8
13
10
6
1
23
6
15
6
23
1
13
6
8
2
7
8
2
21
6
17
6
22
2
21
6
17
7
21
2
21
6
17
8
7
13
10
15
8
7
17
6
21
4
20
6
13
6
4
7
8
17
6
6
16
10
15
6
10
15
7
8
13
6
21
0
23
8
13
6
23
0
8
10
13
8
10
15
7
10
13
8
23
0
21
10
15
6
20
2
8
13
6
20
4
13
6
23
1
21
6
17
6
21
3
6
8
2
15
6
17
9
6
17
6
21
0
23
8
13
4
20
6
15
6
2
15
7
17
8
13
6
3
15
8
10
13
6
22
2
21
6
17
9
13
6
2
21
1
23
6
13
8
6
18
6
21
2
8
14
6
10
15
8
11
13
6
21
2
21
6
3
13
8
17
8
14
10
13
6
21
4
20
6
17
8
15
10
13
7
21
2
21
6
2
7
15
6
6
4
20
6
15
10
13
7
13
8
8
13
6
13
5
21
6
13
10
14
6
10
15
6
5
6
13
6
21
5
