390
7.19926
19
6
1
17
6
11
8
14
1
17
6
11
8
14
1
17
1
6
17
1
10
9
6
10
8
10
6
15
3
15
6
12
6
15
3
10
7
3
10
6
17
2
15
8
10
6
15
5
10
6
17
1
16
8
10
6
15
4
6
11
6
15
3
6
1
8
7
10
8
11
6
9
10
6
17
1
16
8
10
6
15
4
15
6
10
8
15
2
17
6
10
3
15
6
3
15
6
1
12
6
15
3
10
7
17
1
10
8
15
0
10
8
15
1
14
8
10
6
17
1
14
1
17
6
11
8
14
1
17
6
11
8
11
6
17
0
15
8
11
6
3
16
6
11
3
6
1
18
1
10
8
10
1
14
1
17
6
11
8
15
0
17
6
1
6
15
3
6
11
8
7
10
6
17
1
14
8
11
6
8
11
6
13
6
6
3
15
7
10
6
17
1
15
8
10
6
17
2
15
8
10
6
16
3
10
6
11
6
7
3
6
15
3
10
7
8
11
6
17
2
6
17
1
10
4
11
6
17
1
10
3
11
6
5
10
6
17
1
16
8
10
6
15
5
10
6
17
1
16
3
10
6
17
1
16
8
10
6
15
4
15
6
10
8
7
11
8
10
6
15
3
16
6
10
3
6
15
5
10
6
17
1
11
6
12
6
15
3
15
6
12
6
15
3
15
6
10
8
16
1
8
10
6
9
11
6
8
10
1
19
6
10
8
10
6
15
3
15
6
10
8
15
2
8
10
6
17
2
15
8
10
6
17
1
1
17
6
10
4
1
15
8
10
6
14
3
15
6
11
8
10
7
17
1
10
8
10
7
17
1
6
3
16
6
3
15
6
11
8
14
1
17
1
10
8
14
1
15
8
10
6
15
5
6
10
6
17
2
15
8
