387
8.79541
10
13
6
15
6
19
1
21
6
11
1
11
9
11
0
13
2
19
6
15
7
13
4
11
6
11
10
13
6
15
6
19
5
6
11
2
13
1
15
6
12
6
19
2
19
6
15
1
18
4
11
6
9
11
7
19
2
19
6
12
6
19
4
11
6
21
1
19
6
15
0
19
9
11
6
18
4
19
6
15
0
13
6
16
6
18
1
15
6
19
2
14
6
15
1
11
9
6
11
6
21
1
19
6
15
0
19
2
19
6
11
6
10
13
6
15
6
14
9
11
6
11
10
13
6
11
2
12
1
11
9
11
6
16
6
14
2
11
1
6
16
6
12
1
15
6
13
6
21
1
11
6
19
3
19
6
11
9
11
6
7
13
9
6
11
3
19
1
15
6
11
9
11
1
11
6
14
2
19
6
2
19
0
19
6
15
1
11
3
19
6
4
11
6
13
8
13
6
15
1
12
2
19
6
16
6
11
6
9
14
6
15
6
19
4
11
6
21
1
19
6
15
0
13
6
19
2
18
6
13
1
15
6
12
9
13
6
15
6
19
4
18
6
2
19
6
16
6
12
9
11
6
19
2
18
1
15
6
19
3
19
6
11
4
6
13
6
2
19
6
13
8
11
1
15
6
19
2
19
6
12
6
16
6
13
6
11
8
13
1
15
6
12
9
13
6
15
6
20
2
19
6
15
6
13
10
6
11
2
19
1
21
6
11
4
6
7
16
6
13
6
0
19
6
16
6
18
1
11
9
11
6
18
4
19
6
15
7
19
2
19
6
11
1
12
9
11
6
16
7
11
6
19
1
21
6
11
6
19
5
11
6
15
1
18
9
11
6
16
6
13
6
11
9
18
1
15
6
19
0
19
6
15
1
18
2
19
