392
9.36398
21
9
0
21
5
16
5
21
2
21
5
12
11
20
0
23
7
14
5
23
0
21
7
16
5
20
2
21
7
16
5
5
18
5
15
9
5
12
9
21
1
23
6
12
7
16
5
5
18
8
12
9
20
1
23
5
14
9
21
0
23
5
14
9
12
7
23
0
21
5
18
5
5
16
7
7
16
5
5
12
11
14
5
10
12
5
23
1
21
6
16
5
21
3
12
5
23
1
21
9
12
5
23
1
21
10
12
5
16
7
14
9
13
5
18
7
12
9
13
7
16
5
20
3
21
5
16
6
20
3
21
5
12
9
21
0
21
9
12
7
23
1
20
9
14
6
16
7
20
3
20
5
16
1
20
7
16
5
7
16
5
14
6
23
1
20
5
18
6
20
3
20
7
16
5
21
0
23
7
12
5
9
15
5
18
5
12
11
20
0
18
5
20
1
20
10
14
5
16
7
20
4
20
5
18
5
7
16
5
13
11
20
1
20
9
14
5
16
5
21
3
20
5
13
11
12
7
23
0
21
9
14
5
23
1
20
5
17
7
20
3
20
5
3
20
7
13
9
20
1
23
7
13
9
20
1
23
8
12
9
20
1
23
7
12
9
6
12
11
20
1
23
6
1
20
9
14
6
23
1
20
9
12
6
23
1
21
9
12
5
21
1
20
9
12
7
21
2
20
5
18
7
20
0
20
9
1
20
8
12
9
20
1
23
5
12
11
20
1
23
6
12
9
21
1
20
9
13
7
11
12
5
16
7
13
9
7
12
11
5
12
11
20
0
21
5
18
5
20
2
21
5
12
7
23
1
20
9
12
7
11
13
5
23
1
20
7
16
6
14
9
20
1
23
7
13
5
12
11
21
0
20
9
12
7
12
11
13
5
12
11
21
