282
6.02938
0
13
7
20
14
10
12
8
13
9
6
13
9
6
11
10
14
12
8
19
2
10
19
24
10
16
4
17
16
5
21
6
5
22
13
18
10
20
14
10
12
14
7
22
2
4
21
4
2
23
6
19
10
11
2
10
19
14
3
11
0
21
24
0
23
15
16
7
1
6
7
16
5
3
4
14
3
5
4
3
14
19
8
18
16
10
18
11
17
2
19
7
14
3
5
13
7
2
16
7
10
12
14
8
12
0
22
18
16
10
19
2
7
16
18
8
19
6
9
13
5
17
21
5
14
3
4
16
23
6
13
9
6
16
7
18
16
10
9
15
14
7
21
2
4
22
4
1
7
14
21
18
8
13
24
10
15
24
21
14
18
3
14
12
22
16
4
3
6
5
22
4
15
8
19
14
3
4
16
7
2
21
4
14
3
24
13
17
5
13
8
18
13
9
6
23
2
4
21
14
18
23
6
4
22
4
1
7
6
16
7
5
3
0
11
10
2
19
7
16
6
23
4
16
17
4
16
10
24
13
7
2
15
9
0
21
20
5
10
13
20
10
14
19
17
14
19
8
18
13
9
14
15
7
2
11
10
13
18
22
2
4
21
4
1
8
4
3
5
6
22
18
19
8
6
11
10
6
20
21
14
4
