474
14.2743
18
6
4
5
10
4
13
9
17
10
23
8
6
16
20
24
4
21
16
20
19
24
4
2
16
4
9
12
3
3
24
21
4
16
2
8
21
1
22
10
19
17
21
24
0
23
3
13
4
10
17
21
18
8
14
2
6
16
12
4
10
7
5
20
14
6
18
23
3
14
21
4
18
20
14
6
12
9
17
2
22
1
9
8
2
18
11
21
24
20
18
11
24
21
3
16
12
4
7
1
2
7
23
16
4
10
12
6
14
2
4
22
23
10
0
19
13
4
16
20
19
18
4
2
17
6
9
12
3
1
7
23
13
3
1
18
15
18
21
11
18
1
20
18
19
6
5
3
19
13
3
23
16
4
21
16
4
1
13
3
24
2
8
21
3
8
14
13
3
19
18
15
18
1
22
3
19
7
5
21
3
24
18
15
18
11
23
7
16
9
15
8
9
2
8
1
9
22
2
24
11
18
21
3
14
4
21
18
3
14
23
7
21
14
20
19
18
3
12
10
4
22
1
18
3
23
14
6
6
5
9
11
24
21
20
18
14
4
21
0
9
17
23
9
0
4
2
24
8
10
2
7
19
23
0
0
9
23
17
18
2
8
19
10
22
16
19
15
18
10
6
12
11
7
10
22
1
4
18
2
6
14
23
7
3
21
14
4
16
23
6
0
19
5
7
21
0
19
11
12
10
6
17
22
19
10
8
2
24
22
10
24
0
23
6
16
23
3
24
13
17
2
4
24
21
3
16
23
4
18
20
11
18
11
21
18
11
21
14
6
15
13
10
8
10
12
6
11
16
21
4
18
1
15
18
4
18
2
11
7
14
21
4
16
23
20
13
4
3
8
2
3
24
19
22
10
3
12
4
6
0
5
6
19
18
20
1
18
11
2
22
19
23
0
14
6
2
24
20
23
18
3
5
9
8
21
10
17
19
2
8
9
1
22
10
8
21
5
7
2
19
22
11
7
14
13
6
1
18
15
21
18
11
24
2
6
13
15
4
16
21
6
5
19
0
13
19
20
24
2
7
19
2
8
1
6
13
1
6
14
21
3
12
6
1
18
15
9
24
3
23
0
9
19
