278
4.89341
2
23
7
4
23
13
23
2
20
10
4
20
24
13
14
18
23
13
14
18
5
13
23
13
1
18
7
6
23
5
13
23
13
1
18
14
19
12
2
22
18
1
13
24
1
8
10
2
14
17
7
2
23
3
7
2
23
13
24
6
21
18
14
4
9
8
1
17
7
2
23
6
0
3
1
13
24
5
13
23
14
5
16
14
2
24
13
14
24
4
7
17
5
13
24
4
7
17
5
13
23
2
7
3
23
2
7
17
12
4
7
23
4
7
18
1
13
24
18
14
13
23
24
7
6
23
4
7
23
15
4
0
3
24
14
19
23
11
23
19
14
23
4
7
24
14
17
7
2
23
13
14
18
5
13
23
3
5
13
23
18
14
19
23
6
23
19
20
17
10
20
4
24
13
1
17
7
2
12
4
7
17
24
6
0
23
6
23
19
14
18
21
13
23
2
7
23
1
3
21
20
3
24
13
24
6
23
7
2
23
3
0
2
12
4
7
23
6
24
19
14
17
5
7
17
14
19
24
6
21
18
20
4
10
6
5
24
13
14
24
4
7
17
1
7
18
23
14
19
24
3
1
0
3
1
24
13
5
23
6
21
18
14
2
10
20
13
12
18
5
13
23
5
3
7
3
5
4
