464
22.2729
3
10
2
15
20
2
10
4
11
20
3
10
11
3
13
9
13
2
19
7
1
21
22
9
13
3
11
7
10
3
13
9
13
3
11
2
10
17
11
22
17
10
22
21
20
2
19
7
20
21
10
2
20
21
20
2
0
9
11
17
22
9
13
3
11
2
10
17
13
10
4
20
6
13
3
11
23
8
18
20
2
0
2
20
18
22
21
20
22
9
22
17
11
22
17
10
2
11
3
13
9
22
17
10
18
20
3
10
7
22
21
10
20
3
11
23
15
2
10
16
18
22
3
11
20
21
13
9
20
2
11
2
10
17
13
11
3
22
9
13
17
10
2
24
17
13
9
0
20
23
11
21
22
9
20
3
11
2
20
19
9
11
4
13
9
20
21
22
9
15
14
22
21
20
6
20
4
10
20
22
21
1
7
10
3
13
18
1
4
11
18
13
9
0
2
20
11
3
13
9
24
20
3
11
2
15
9
20
2
19
14
10
21
1
2
11
17
22
18
0
2
20
9
20
3
10
7
0
20
23
0
11
2
20
19
2
11
9
13
3
24
20
0
18
22
17
24
22
17
24
18
10
2
11
3
11
9
22
7
10
17
11
2
1
11
3
13
10
12
20
2
11
17
22
9
0
7
20
15
23
10
3
13
11
23
8
18
20
3
11
2
11
3
10
7
22
21
20
9
0
7
20
21
20
2
0
9
20
17
24
7
8
9
20
3
11
9
13
4
10
7
19
20
7
0
23
11
3
13
9
13
2
10
7
10
20
4
11
2
5
18
20
4
11
23
0
18
22
17
11
23
13
12
1
11
3
20
11
4
10
2
20
21
20
2
19
9
20
21
10
22
21
20
2
10
4
20
11
3
22
11
3
20
10
2
16
18
22
3
11
22
17
24
23
11
3
11
2
19
18
13
2
0
23
20
21
22
2
10
17
20
24
3
10
7
11
17
22
9
0
7
20
12
20
22
21
20
23
0
7
10
17
10
7
10
2
20
21
22
23
10
17
11
23
0
2
20
21
10
2
15
23
11
3
22
11
3
20
10
4
13
18
1
4
