469
50.5155
1
11
22
1
11
22
1
11
22
1
11
15
2
23
15
3
11
24
2
0
22
5
13
22
11
1
15
11
7
1
11
22
13
12
15
17
23
15
3
10
9
11
24
1
11
22
1
11
7
14
6
7
1
6
15
17
18
5
17
18
5
17
18
5
4
23
5
7
14
11
7
1
11
22
13
12
15
4
23
5
4
20
5
22
3
5
7
1
11
22
1
11
22
1
11
24
3
23
15
12
17
15
18
19
5
7
1
11
22
13
11
22
13
11
7
15
11
13
22
11
1
22
11
13
7
19
5
18
19
15
9
19
15
9
11
15
3
11
15
3
23
15
17
12
15
9
11
15
3
5
18
19
5
18
17
15
6
8
5
3
15
23
19
15
9
11
24
3
23
15
3
23
15
3
23
15
3
5
8
6
15
17
18
5
4
20
5
4
20
5
7
1
11
22
1
11
22
1
5
4
20
5
4
20
5
4
23
5
4
1
5
4
13
12
15
8
6
5
18
17
5
18
19
5
15
1
5
4
13
12
15
9
19
15
9
5
4
20
5
7
1
6
15
19
13
7
11
5
18
17
5
18
19
5
7
1
11
15
12
17
15
12
13
4
5
20
4
5
1
4
5
1
4
5
1
22
11
1
15
11
9
15
19
9
15
11
7
1
11
15
3
23
15
6
4
5
1
4
5
1
4
5
7
1
11
15
3
11
15
3
11
15
22
12
13
4
5
20
4
5
13
15
19
16
15
11
3
15
23
21
15
23
12
15
2
0
7
15
19
9
15
11
9
15
19
2
15
19
18
5
4
1
5
7
11
1
22
11
1
7
6
5
4
1
5
4
1
5
4
1
5
4
1
5
22
2
5
4
23
24
16
11
15
3
5
4
13
12
15
16
23
15
16
0
15
16
23
24
19
2
15
18
17
24
23
4
5
6
4
5
6
7
1
11
22
1
11
22
1
11
24
9
11
15
3
5
18
17
24
23
3
15
23
3
15
23
12
15
17
12
15
8
6
15
3
11
10
3
11
15
16
19
15
2
11
15
1
11
22
1
5
4
1
5
4
1
5
4
20
