435
22.8467
4
11
14
5
4
10
15
8
0
18
19
17
10
12
19
17
5
4
1
3
5
1
12
5
17
8
18
10
2
21
10
2
14
8
17
10
18
8
17
7
18
10
17
8
12
10
4
8
17
10
18
8
17
0
18
8
17
19
18
1
4
5
14
8
17
7
18
10
17
8
4
10
12
5
17
19
12
10
17
7
12
10
17
19
18
10
17
7
12
10
17
5
18
1
9
0
18
8
17
0
18
19
17
19
18
10
4
8
17
5
12
10
17
7
18
1
9
8
14
7
17
19
18
0
17
10
12
5
10
3
24
8
18
10
17
8
12
10
17
0
12
10
9
10
12
8
17
5
4
1
21
11
1
12
5
17
8
4
10
15
7
10
14
5
11
1
4
8
14
2
10
8
2
10
12
19
17
5
4
1
18
8
17
0
18
19
17
10
12
19
17
5
4
1
12
5
17
8
18
0
9
1
18
8
17
10
12
5
17
8
4
10
15
7
1
18
19
17
7
10
12
8
17
10
18
8
17
0
14
8
9
0
18
19
17
19
18
1
11
5
13
11
1
19
18
1
20
5
18
1
9
5
13
8
2
10
12
8
17
5
18
1
20
8
18
1
10
15
7
10
17
19
12
10
17
5
18
1
11
8
1
9
10
18
8
20
23
14
8
17
0
18
8
17
5
8
17
7
14
8
9
1
18
7
17
10
12
7
17
10
18
8
17
5
4
1
18
8
24
3
10
8
3
10
7
17
19
18
0
17
19
18
0
17
19
18
0
9
1
18
19
17
0
18
19
17
19
18
1
20
19
18
1
4
5
17
8
12
10
17
0
18
19
17
7
18
1
9
0
18
1
8
3
10
4
21
17
5
21
17
7
18
1
19
11
1
18
19
17
7
18
1
9
0
18
19
17
5
21
17
19
18
0
17
8
14
5
9
1
18
7
17
8
18
1
20
19
18
1
20
8
18
1
16
21
10
17
7
4
10
15
8
10
4
3
