210
5.08814
4
22
6
8
7
21
4
24
10
9
3
1
4
18
4
18
4
21
12
22
17
22
4
24
21
12
22
17
22
10
9
3
21
12
21
3
9
4
18
4
20
4
1
24
4
20
4
21
24
4
18
4
1
24
4
20
4
22
17
22
12
20
4
22
6
8
7
20
4
22
17
22
12
5
4
20
4
20
4
1
12
22
17
24
4
18
22
4
18
4
20
4
21
12
9
3
1
4
20
4
18
4
15
24
4
20
4
22
23
4
20
4
1
24
4
18
22
4
18
4
18
9
11
22
12
0
17
22
10
14
23
4
21
3
9
12
5
3
9
12
5
14
10
22
17
22
12
21
4
24
17
22
12
15
14
10
22
17
22
12
22
17
22
10
22
17
22
12
22
17
22
12
5
12
21
14
10
2
17
8
21
12
9
3
21
12
22
17
22
12
19
9
6
8
12
22
17
22
12
22
17
14
4
20
22
10
14
23
4
21
