293
3.90883
23
6
19
11
12
6
12
9
10
16
24
17
24
11
16
21
13
11
13
14
16
9
10
13
14
8
21
13
10
9
21
16
10
9
14
24
12
1
24
14
2
16
6
13
17
12
7
19
11
23
21
16
11
24
14
13
3
10
13
14
22
21
13
11
19
11
19
10
24
17
16
24
20
9
16
14
13
11
13
16
21
9
10
16
6
8
10
24
14
22
21
24
0
17
19
10
23
18
16
21
16
11
13
15
23
17
24
14
22
6
16
23
15
23
13
21
9
14
13
12
11
24
14
24
3
6
8
6
23
14
2
19
10
24
17
16
2
10
12
2
14
24
13
17
13
21
13
11
16
15
13
10
19
11
16
7
19
11
16
6
22
21
13
16
11
13
21
2
14
23
24
15
24
16
10
2
14
19
6
2
4
16
10
2
14
13
21
22
6
16
11
19
13
10
8
7
16
6
22
21
13
21
2
10
16
2
14
24
11
16
6
16
1
13
5
13
15
24
13
14
9
21
13
1
19
6
16
11
13
16
15
23
10
9
5
19
11
13
10
12
15
12
6
13
15
23
19
7
9
14
13
21
9
23
21
13
17
24
20
8
6
16
10
2
15
24
5
13
22
21
13
14
9
14
13
11
16
7
16
11
13
14
24
8
21
23
10
9
21
16
7
22
10
