500
0.00195389
5
4
11
18
22
21
7
14
1
9
19
7
7
3
14
18
2
14
8
22
3
6
4
9
5
18
11
22
1
14
7
5
11
17
9
16
12
6
9
18
10
7
17
4
8
20
14
11
22
18
4
20
19
23
24
18
13
18
15
12
7
15
18
24
7
22
19
23
18
13
12
11
24
18
24
11
22
18
11
20
18
4
22
19
18
8
4
3
1
3
16
20
12
16
20
16
12
24
12
11
22
12
16
22
12
11
22
12
16
12
12
11
13
12
16
20
16
12
20
11
13
12
16
20
16
12
20
11
13
12
16
20
16
12
20
11
13
12
16
20
16
12
20
11
13
12
16
20
16
12
22
11
22
15
11
13
11
1
20
15
11
22
11
1
12
16
20
11
12
16
11
16
12
1
11
22
12
16
20
12
11
12
1
11
1
12
16
20
11
12
22
16
11
12
22
11
22
17
11
2
12
16
11
16
12
2
11
22
12
16
22
19
11
2
12
16
11
22
19
11
22
1
11
2
12
16
22
19
11
1
20
16
22
12
11
8
3
1
22
3
1
22
11
19
12
8
3
1
20
16
22
12
11
8
3
1
22
11
1
22
11
12
8
3
1
20
16
22
12
11
22
12
11
2
12
11
22
11
1
22
19
11
3
12
11
22
19
4
22
3
1
22
19
11
2
18
19
22
18
16
3
1
4
2
18
16
12
19
18
24
12
19
11
13
7
15
20
16
11
1
7
15
7
1
11
10
7
15
7
13
12
1
11
1
20
16
12
1
9
5
4
1
11
1
7
13
4
1
18
16
20
16
12
1
4
20
19
7
2
4
19
14
1
4
3
3
18
19
22
16
20
19
18
24
20
16
12
8
3
1
20
19
18
13
12
8
4
20
19
18
13
12
8
4
19
3
1
22
13
11
19
14
8
4
3
12
8
11
20
19
18
13
12
8
3
13
18
16
7
22
19
4
24
22
19
18
19
22
16
22
14
7
4
3
12
8
11
4
14
0
11
2
14
8
7
3
12
8
11
2
18
4
2
18
24
22
11
18
22
19
18
12
11
9
7
15
22
7
14
12
6
4
2
12
11
18
12
3
1
3
17
11
20
1
3
11
22
14
23
19
22
8
11
12
4
4
6
22
4
22
