300
0.0166878
23
12
8
7
11
16
3
9
9
3
6
11
21
16
18
7
15
20
21
9
5
3
9
2
18
2
3
6
8
20
11
21
20
14
19
14
20
8
18
15
7
14
8
7
8
20
11
3
2
11
16
22
6
8
20
3
20
9
17
11
8
21
20
8
20
21
9
18
0
20
18
0
15
8
22
5
8
23
11
8
17
9
8
22
8
20
21
12
11
2
22
2
8
5
21
20
9
21
20
8
3
20
15
7
9
4
6
21
20
14
3
9
2
22
20
8
22
2
8
22
2
4
22
2
8
2
10
18
24
21
9
8
10
11
8
6
15
18
17
8
20
9
16
18
22
8
6
10
8
20
21
20
9
16
11
12
3
9
20
21
6
18
2
3
20
8
7
15
5
8
19
9
20
21
18
16
22
2
4
23
20
15
20
14
17
15
20
21
20
9
13
15
5
23
15
20
21
20
9
21
5
14
19
15
20
21
14
20
21
20
9
16
22
16
18
23
15
20
3
8
9
20
3
16
9
3
15
5
3
15
18
6
21
5
9
3
9
15
19
8
20
18
16
23
20
8
20
21
16
11
8
7
14
8
20
9
19
18
16
21
9
20
3
16
11
1
2
11
21
20
8
21
11
2
10
8
11
21
6
11
16
3
11
16
0
11
8
22
6
8
11
13
21
11
16
22
20
8
21
5
