300
0.0011238
22
22
1
22
5
10
24
3
13
5
15
12
11
22
7
12
13
18
12
6
8
21
20
19
12
18
2
23
5
16
21
2
20
5
13
10
1
24
6
23
23
18
5
24
19
1
10
7
12
22
7
0
17
22
7
2
14
1
24
18
9
20
20
9
0
8
13
9
9
21
1
12
7
14
7
6
20
6
12
19
5
13
8
21
23
21
13
13
20
18
10
9
1
18
6
7
5
20
9
16
7
7
2
18
18
7
4
22
7
14
22
13
8
2
22
5
8
17
10
12
5
5
2
10
12
7
22
24
18
8
13
16
2
17
10
2
8
24
9
16
2
14
21
9
17
2
8
9
13
7
8
14
9
7
13
5
14
16
21
5
18
16
13
4
2
9
5
9
10
16
9
7
9
5
5
7
9
5
16
18
7
9
14
22
9
14
8
7
9
14
7
22
5
7
9
8
22
18
9
16
2
16
7
9
22
8
5
13
9
18
8
22
18
5
18
9
16
9
7
7
16
7
2
14
18
2
2
13
7
7
22
5
13
22
7
7
5
22
5
2
8
18
2
2
5
7
7
14
18
8
22
7
18
2
14
8
7
18
7
7
7
18
22
14
18
22
14
7
14
22
2
22
22
2
22
22
2
22
22
2
22
22
2
22
22
2
14
14
2
22
22
2
22
14
2
22
22
2
22
22
