500
0.000973211
19
6
14
2
19
18
21
19
14
8
1
6
17
1
21
1
17
2
16
23
24
21
13
1
24
16
17
6
18
17
22
23
21
23
17
22
23
4
2
2
20
10
8
16
21
6
8
19
11
1
23
15
8
2
23
19
8
8
23
19
21
8
19
18
8
14
11
24
24
4
8
22
20
24
1
19
22
18
10
20
0
16
24
1
17
2
23
20
22
10
9
17
16
23
14
9
17
10
24
0
1
10
3
0
11
13
2
23
20
18
23
7
11
1
0
13
22
24
23
22
19
2
18
15
24
2
16
1
2
12
9
11
23
10
1
1
15
11
2
23
3
24
1
11
16
13
22
14
2
22
10
3
14
11
0
2
23
19
0
9
23
20
12
22
15
24
0
23
14
17
1
24
16
17
16
1
20
0
16
20
23
9
2
20
7
2
1
5
0
10
20
0
1
14
17
23
10
9
11
24
12
17
24
11
1
9
9
23
22
22
7
1
2
14
22
9
20
0
22
23
4
1
24
10
22
14
22
12
18
20
9
11
12
1
11
23
11
9
24
1
1
19
18
7
17
18
23
0
1
1
2
17
2
12
23
18
11
11
18
9
1
4
24
0
2
14
0
11
24
1
1
18
15
14
9
1
19
11
2
17
1
11
14
24
23
11
19
2
18
24
17
1
14
18
24
24
1
1
2
14
2
24
9
2
14
11
18
2
15
14
1
2
9
11
24
19
18
9
24
18
24
17
24
2
19
14
18
9
17
9
1
19
11
1
18
24
17
11
18
2
24
14
19
9
18
17
1
1
17
11
14
4
24
1
17
18
1
1
14
11
18
9
9
11
18
19
1
24
4
11
24
11
18
19
9
11
9
1
11
1
19
18
11
17
18
11
1
19
18
11
1
19
18
11
9
19
18
11
17
18
11
11
4
24
11
18
11
9
19
18
11
17
18
11
11
18
1
19
18
11
1
19
18
11
17
11
9
11
18
11
9
11
17
18
11
1
19
18
11
1
13
1
11
18
11
1
1
11
11
18
1
19
18
9
11
11
9
9
1
18
19
11
1
9
18
11
11
18
1
11
11
9
1
19
9
18
19
11
18
9
19
18
9
11
18
11
9
18
19
11
9
9
18
19
11
18
9
19
18
11
