300
0.000895002
0
16
21
12
22
18
3
7
13
14
17
8
16
13
24
5
9
22
5
22
17
24
9
10
4
1
7
7
17
2
20
16
9
7
15
24
7
8
20
15
2
9
22
9
13
8
3
13
5
17
0
4
9
16
19
14
14
13
6
17
20
2
13
7
19
5
8
0
13
22
14
7
3
15
12
1
7
4
5
10
4
7
18
17
10
12
5
1
2
5
12
23
17
12
22
1
10
5
5
10
15
12
20
5
22
17
1
17
12
17
1
17
7
17
19
17
10
17
20
2
12
22
10
12
10
10
17
12
20
23
8
2
13
10
5
8
20
7
12
10
15
20
12
2
20
5
23
10
7
8
7
11
7
20
2
10
12
5
15
23
13
10
8
14
15
13
14
13
17
11
5
13
17
13
5
23
14
14
12
17
13
6
5
17
10
5
8
13
7
7
17
10
10
12
17
1
8
5
10
10
5
17
17
13
10
1
14
1
5
13
8
10
19
5
17
14
14
8
1
10
13
5
10
13
17
8
5
10
8
7
13
7
13
5
17
13
17
7
10
17
14
13
17
5
14
14
1
5
17
5
7
14
13
17
17
7
13
5
8
5
14
17
7
10
13
5
8
13
10
7
17
7
13
8
7
10
5
7
10
17
8
14
7
10
8
13
10
13
17
10
17
10
10
17
13
17
10
13
8
17
