500
0
13
23
7
4
23
21
8
5
17
12
8
2
6
7
17
11
24
10
15
2
5
9
1
21
22
8
7
19
7
4
9
20
10
5
1
2
8
22
1
1
12
19
2
4
19
3
0
8
6
0
16
1
0
18
5
15
8
9
15
21
22
7
18
15
19
5
6
3
17
1
21
1
19
22
9
7
21
21
19
1
23
8
21
23
1
18
13
1
2
23
7
24
17
19
24
19
22
19
8
14
13
19
3
9
17
0
3
1
11
18
19
23
18
5
6
18
15
20
3
5
7
19
18
11
15
14
11
1
23
7
8
20
0
19
24
15
8
8
11
10
10
21
0
17
8
20
20
15
20
20
7
19
24
1
17
18
18
17
7
15
15
15
8
15
13
8
23
19
15
10
0
21
7
10
18
17
21
20
15
1
20
7
3
24
19
7
10
20
7
24
7
13
23
1
11
1
17
13
10
19
24
19
23
18
1
24
3
15
8
23
7
1
17
20
13
7
0
20
19
7
7
20
18
19
19
17
17
0
15
11
1
13
3
1
17
11
13
19
7
23
18
15
19
20
0
8
10
19
3
18
1
20
10
20
1
1
18
10
3
3
8
23
15
8
15
18
24
8
19
3
19
24
19
10
23
10
13
11
7
13
0
19
11
23
15
8
8
19
7
15
13
10
10
19
10
1
8
19
1
15
0
1
15
0
11
10
15
24
8
1
11
20
1
13
1
8
13
10
24
0
10
15
10
24
11
7
13
0
10
11
23
7
13
8
11
24
1
23
10
24
19
15
19
7
23
7
23
13
1
20
1
8
8
23
15
8
15
1
11
7
7
8
1
0
19
11
8
15
1
8
11
13
7
8
7
19
15
23
8
23
23
1
7
8
19
7
13
15
23
23
7
13
8
15
13
23
8
7
8
0
19
7
0
0
15
23
8
15
15
8
23
8
8
7
19
23
23
8
23
7
19
8
8
19
15
7
7
15
7
23
7
19
19
15
15
15
19
7
23
19
19
19
19
15
23
23
15
15
8
19
23
15
8
8
8
23
15
15
8
19
23
19
8
23
23
8
15
15
19
15
8
15
8
19
19
8
15
15
15
8
23
23
15
15
15
15
23
23
15
23
8
8
15
8
8
15
8
8
15
8
