300
0.000847564
2
0
4
6
7
5
12
4
16
15
9
2
12
1
8
15
13
6
5
0
12
21
17
0
11
9
12
12
15
0
8
5
13
11
0
24
17
24
9
3
11
20
11
20
11
20
11
20
11
20
11
20
11
20
11
20
11
20
11
20
11
20
11
12
11
12
11
0
11
23
11
3
11
24
11
8
11
12
11
8
24
17
3
5
0
0
11
2
17
9
20
2
1
2
24
15
13
16
24
2
22
0
20
0
18
21
15
0
24
15
24
22
0
21
19
14
16
10
11
24
11
20
23
2
19
22
24
2
23
24
23
2
5
11
14
19
8
16
20
24
11
5
2
11
5
24
16
8
22
19
16
14
8
24
11
8
16
8
24
22
14
11
2
5
2
8
2
20
8
2
20
24
1
2
8
2
1
2
11
5
24
19
11
24
19
11
19
8
8
19
11
8
20
2
1
8
20
2
16
24
8
2
20
2
20
8
2
24
22
19
2
22
2
20
24
19
2
22
19
24
24
8
2
24
20
8
2
19
24
11
20
24
2
11
19
11
19
8
2
8
2
22
19
8
2
24
22
2
24
19
24
8
2
22
19
24
2
20
11
8
19
2
20
22
2
11
20
2
20
8
2
20
2
19
11
20
8
20
2
22
2
20
11
20
11
20
11
20
2
20
2
20
11
2
22
20
2
11
20
22
