Version identifier: 22.1.0.0 | 2022-03-09 | 1a383f8ce
CPXPARAM_Threads                                 1
CPXPARAM_MIP_Strategy_VariableSelect             3
CPXPARAM_TimeLimit                               599.99998430999995
1 of 1 MIP starts provided solutions.
MIP start 'm1' defined initial solution with objective 1.0000.
Tried aggregator 1 time.
MIP Presolve eliminated 17 rows and 0 columns.
Reduced MIP has 2702 rows, 6000 columns, and 61452 nonzeros.
Reduced MIP has 6000 binaries, 0 generals, 0 SOSs, and 0 indicators.
Presolve time = 0.04 sec. (29.55 ticks)
Probing time = 0.00 sec. (3.80 ticks)
Tried aggregator 1 time.
Detecting symmetries...
Reduced MIP has 2702 rows, 6000 columns, and 61452 nonzeros.
Reduced MIP has 6000 binaries, 0 generals, 0 SOSs, and 0 indicators.
Presolve time = 0.04 sec. (35.07 ticks)
Probing time = 0.00 sec. (3.80 ticks)
Clique table members: 1492.
MIP emphasis: balance optimality and feasibility.
MIP search method: dynamic search.
Parallel mode: none, using 1 thread.
Root relaxation solution time = 0.67 sec. (606.33 ticks)

        Nodes                                         Cuts/
   Node  Left     Objective  IInf  Best Integer    Best Bound    ItCnt     Gap

*     0+    0                            1.0000     6000.0000              --- 
      0     0      300.0000  1050        1.0000      300.0000     3482     --- 
*     0+    0                          298.0000      300.0000             0.67%
Detecting symmetries...
      0     2      300.0000    42      298.0000      300.0000     3482    0.67%
Elapsed time = 7.79 sec. (7116.31 ticks, tree = 0.01 MB, solutions = 2)
      2     4      300.0000   136      298.0000      300.0000     5275    0.67%
      3     5      300.0000    16      298.0000      300.0000     6784    0.67%
      4     6      300.0000   170      298.0000      300.0000     7863    0.67%
      5     7      300.0000    14      298.0000      300.0000     7865    0.67%
      6     8      300.0000    69      298.0000      300.0000    14537    0.67%
      7     9      300.0000   229      298.0000      300.0000    21286    0.67%
      8    10      300.0000    46      298.0000      300.0000    25624    0.67%
      9    11      300.0000    46      298.0000      300.0000    25627    0.67%
     10    12      300.0000    45      298.0000      300.0000    25728    0.67%
     11    13      300.0000   163      298.0000      300.0000    30517    0.67%
Elapsed time = 17.60 sec. (16805.05 ticks, tree = 0.07 MB, solutions = 2)
     13    15      300.0000    70      298.0000      300.0000    33923    0.67%
     15    17      300.0000    40      298.0000      300.0000    36453    0.67%
     17    19      300.0000   226      298.0000      300.0000    39606    0.67%
     21    23      300.0000    20      298.0000      300.0000    39689    0.67%
     23    25      300.0000    18      298.0000      300.0000    44279    0.67%
     24    26      300.0000   159      298.0000      300.0000    50778    0.67%
     25    27      300.0000    66      298.0000      300.0000    58252    0.67%
     27    29      300.0000    75      298.0000      300.0000    64436    0.67%
     29    31      300.0000   223      298.0000      300.0000    70816    0.67%
     31    33      300.0000   218      298.0000      300.0000    72868    0.67%
Elapsed time = 33.51 sec. (32309.18 ticks, tree = 0.14 MB, solutions = 2)
     33    35      300.0000   237      298.0000      300.0000    76905    0.67%
     36    38      300.0000   178      298.0000      300.0000    79291    0.67%
     38    40      300.0000   149      298.0000      300.0000    82516    0.67%
     40    42      300.0000   145      298.0000      300.0000    85548    0.67%
     43    45      300.0000   124      298.0000      300.0000    91503    0.67%
     45    47      300.0000   268      298.0000      300.0000    94640    0.67%
     47    49      300.0000   144      298.0000      300.0000    98498    0.67%
     49    51      300.0000   141      298.0000      300.0000   102552    0.67%
     51    53      300.0000   115      298.0000      300.0000   105021    0.67%
     54    56      300.0000   214      298.0000      300.0000   108102    0.67%
Elapsed time = 48.02 sec. (45861.07 ticks, tree = 0.28 MB, solutions = 2)
     56    58      300.0000   205      298.0000      300.0000   110618    0.67%
     58    60      300.0000   164      298.0000      300.0000   115390    0.67%
     61    63      300.0000    95      298.0000      300.0000   117270    0.67%
     63    65      300.0000   248      298.0000      300.0000   120577    0.67%
     66    68      300.0000    36      298.0000      300.0000   122905    0.67%
     69    71      300.0000    56      298.0000      300.0000   127001    0.67%
*    70+    2                          300.0000      300.0000             0.00%

Root node processing (before b&c):
  Real time             =    7.76 sec. (7087.21 ticks)
Sequential b&c:
  Real time             =   51.65 sec. (49432.09 ticks)
                          ------------
Total (root+branch&cut) =   59.40 sec. (56519.30 ticks)
15
2
2
15
0
0
9
10
2
9
6
7
9
0
16
12
19
6
14
18
13
14
18
13
2
14
18
6
1
5
4
10
5
8
6
5
8
16
17
8
16
17
19
14
11
1
14
11
1
14
11
1
4
11
1
4
17
13
4
5
13
4
18
10
1
17
6
8
17
6
8
5
10
8
18
3
8
6
17
8
6
18
8
10
5
19
10
12
7
13
18
14
13
18
4
19
11
2
8
11
2
2
15
0
3
15
3
3
15
7
0
15
3
3
15
0
2
15
0
0
15
0
2
15
0
7
15
0
7
9
16
2
12
1
10
5
8
2
11
19
4
11
1
4
11
1
14
11
1
4
11
1
4
17
13
14
5
13
4
17
10
1
12
10
19
12
10
1
12
10
19
12
6
19
12
10
19
18
10
8
5
16
8
17
6
19
12
10
1
12
16
19
12
10
1
12
6
19
12
6
19
12
6
1
12
10
19
12
6
1
12
16
2
9
16
2
9
10
3
8
11
2
8
11
3
8
11
2
8
5
16
8
17
6
8
17
6
3
9
10
2
9
16
0
9
10
7
9
6
3
9
10
7
9
6
0
9
16
3
5
13
14
5
13
4
17
13
14
18
13
4
18
13
7
3
15
0
0
15
3
0
15
2
2
15
2
7
15
7
0
15
0
7
15
3
7
15
7
0
15
Primal:	300
Dual:	300
Status:	Optimal
Time:	59.42
