Version identifier: 22.1.0.0 | 2022-03-09 | 1a383f8ce
CPXPARAM_Threads                                 1
CPXPARAM_MIP_Strategy_VariableSelect             3
CPXPARAM_TimeLimit                               599.99998521099997
1 of 1 MIP starts provided solutions.
MIP start 'm1' defined initial solution with objective 1.0000.
Tried aggregator 1 time.
MIP Presolve eliminated 19 rows and 0 columns.
MIP Presolve modified 4 coefficients.
Reduced MIP has 3505 rows, 12500 columns, and 212142 nonzeros.
Reduced MIP has 12500 binaries, 0 generals, 0 SOSs, and 0 indicators.
Presolve time = 0.10 sec. (84.31 ticks)
Probing time = 0.01 sec. (5.69 ticks)
Tried aggregator 1 time.
Detecting symmetries...
Reduced MIP has 3505 rows, 12500 columns, and 212142 nonzeros.
Reduced MIP has 12500 binaries, 0 generals, 0 SOSs, and 0 indicators.
Presolve time = 0.12 sec. (99.32 ticks)
Probing time = 0.01 sec. (5.69 ticks)
Clique table members: 500.
MIP emphasis: balance optimality and feasibility.
MIP search method: dynamic search.
Parallel mode: none, using 1 thread.
Root relaxation solution time = 8.21 sec. (9201.22 ticks)

        Nodes                                         Cuts/
   Node  Left     Objective  IInf  Best Integer    Best Bound    ItCnt     Gap

*     0+    0                            1.0000    12500.0000              --- 
      0     0      500.0000  2211        1.0000      500.0000    12043     --- 
*     0+    0                          494.0000      500.0000             1.21%
*     0+    0                          496.0000      500.0000             0.81%
      0     0        cutoff            496.0000      500.0000    12043    0.81%
Detecting symmetries...
      0     2      500.0000   139      496.0000      500.0000    12043    0.81%
Elapsed time = 120.46 sec. (146841.53 ticks, tree = 0.01 MB, solutions = 3)
      1     3      500.0000   118      496.0000      500.0000    35876    0.81%
      2     4      500.0000   233      496.0000      500.0000    43408    0.81%
      3     5      500.0000   235      496.0000      500.0000    51938    0.81%
      4     6      500.0000   293      496.0000      500.0000    53607    0.81%
      5     7      500.0000   244      496.0000      500.0000    57769    0.81%
      6     8      500.0000   256      496.0000      500.0000    69826    0.81%
      7     9      500.0000   242      496.0000      500.0000    74251    0.81%
      8    10      500.0000   246      496.0000      500.0000    77491    0.81%
      9    11      500.0000   299      496.0000      500.0000    82418    0.81%
     10    12      500.0000   258      496.0000      500.0000    83946    0.81%
Elapsed time = 169.41 sec. (202799.96 ticks, tree = 0.20 MB, solutions = 3)
     11    13      500.0000   239      496.0000      500.0000    86076    0.81%
     12    14      500.0000   243      496.0000      500.0000    87271    0.81%
     13    15      500.0000   223      496.0000      500.0000    89108    0.81%
     14    16      500.0000   223      496.0000      500.0000    90290    0.81%
     16    18      500.0000   207      496.0000      500.0000    92815    0.81%
     18    20      500.0000   194      496.0000      500.0000    93089    0.81%
     19    21      500.0000   207      496.0000      500.0000    97406    0.81%
     20    22      500.0000   191      496.0000      500.0000    97587    0.81%
     21    23      500.0000   180      496.0000      500.0000    99535    0.81%
     23    25      500.0000   181      496.0000      500.0000   113787    0.81%
Elapsed time = 208.34 sec. (245729.40 ticks, tree = 0.60 MB, solutions = 3)
     25    27      500.0000   197      496.0000      500.0000   115002    0.81%
     26    28      500.0000   193      496.0000      500.0000   120766    0.81%
     27    29      500.0000    42      496.0000      500.0000   126711    0.81%
     28    30      500.0000    42      496.0000      500.0000   128115    0.81%
     29    31      500.0000   161      496.0000      500.0000   133540    0.81%
     30    32      500.0000   176      496.0000      500.0000   142602    0.81%
     31    33      500.0000   143      496.0000      500.0000   144104    0.81%
     32    34      500.0000   119      496.0000      500.0000   152457    0.81%
     33    35      500.0000   126      496.0000      500.0000   154554    0.81%
     34    36      500.0000    90      496.0000      500.0000   158515    0.81%
Elapsed time = 247.36 sec. (290028.51 ticks, tree = 0.89 MB, solutions = 3)
     35    37      500.0000    81      496.0000      500.0000   159638    0.81%
     36    38      500.0000    80      496.0000      500.0000   161265    0.81%
     37    39      500.0000    24      496.0000      500.0000   162203    0.81%
*    38     1      integral     0      500.0000      500.0000   162297    0.00%

Root node processing (before b&c):
  Real time             =  120.40 sec. (146765.55 ticks)
Sequential b&c:
  Real time             =  131.15 sec. (148168.56 ticks)
                          ------------
Total (root+branch&cut) =  251.55 sec. (294934.11 ticks)
3
17
10
24
0
5
6
12
24
11
5
16
2
0
23
10
12
9
8
5
24
20
7
22
14
19
3
21
15
8
7
18
14
20
13
2
9
19
16
1
7
6
14
5
24
1
15
17
16
1
14
18
15
17
24
5
24
18
14
11
16
1
16
1
15
22
14
1
15
1
16
17
24
18
4
22
14
11
15
18
12
17
24
23
16
21
4
11
15
22
8
18
4
13
6
22
4
21
24
23
16
17
4
1
6
9
14
11
20
0
16
22
8
7
4
5
6
14
7
21
6
20
13
13
6
20
17
0
14
6
5
7
6
12
17
3
20
24
22
12
11
15
20
13
8
1
15
9
20
17
20
9
24
1
10
13
20
13
20
11
14
3
19
6
0
17
15
10
0
17
4
6
22
0
14
2
18
9
8
4
17
3
20
12
11
9
2
15
21
0
10
24
22
7
20
12
17
3
2
20
13
12
23
2
9
4
21
10
7
6
7
19
5
24
9
2
1
16
18
8
7
14
18
10
1
15
9
2
21
15
21
6
7
10
0
8
18
24
9
2
21
15
1
16
11
16
1
15
21
24
22
24
18
8
0
16
11
10
0
6
21
24
9
20
17
24
0
10
23
12
7
2
5
15
22
4
11
12
23
16
1
2
9
4
22
2
0
16
23
19
7
14
18
6
17
4
13
10
18
24
7
19
22
15
0
6
17
12
6
7
18
16
8
0
23
16
19
7
11
20
16
21
7
10
15
1
21
24
10
3
11
12
20
13
23
8
4
9
5
2
24
13
18
10
4
3
22
2
12
7
18
10
24
9
21
6
4
15
17
17
20
15
21
7
8
20
3
13
19
6
3
4
17
10
0
16
8
18
7
14
20
21
9
24
8
18
0
16
2
5
3
2
12
11
9
20
24
22
0
8
6
5
7
24
19
22
3
4
2
17
5
15
2
5
13
24
20
23
13
19
14
18
3
2
14
21
3
20
24
22
13
20
14
18
13
6
4
17
5
24
15
11
21
16
4
23
1
16
14
23
1
16
4
22
11
14
20
13
18
14
2
22
0
6
12
11
9
6
4
17
0
10
15
22
0
6
12
11
9
6
4
22
0
8
16
11
18
15
12
17
11
15
20
13
19
7
10
16
1
7
Primal:	500
Dual:	500
Status:	Optimal
Time:	251.6
