500 8 20
2 1 3 1 1 2 1 1 
3 2 5 3 3 4 3 3 
0 24 1 0 0 0 0 0 0 0 
1 31 0 1 0 0 0 0 0 0 
2 26 0 0 1 0 0 0 0 0 
3 23 0 0 0 1 0 0 0 0 
4 22 0 0 0 0 1 0 0 0 
5 23 0 0 0 0 0 1 0 0 
6 19 0 0 0 0 0 0 1 0 
7 28 0 0 0 0 0 0 0 1 
8 25 0 0 0 1 1 0 1 1 
9 19 0 0 1 0 0 0 0 1 
10 26 1 1 1 0 1 0 0 0 
11 34 1 0 0 1 1 1 0 0 
12 19 0 1 1 1 0 0 1 0 
13 27 0 0 1 0 0 0 1 1 
14 29 0 1 0 0 0 0 1 0 
15 21 0 0 0 1 0 1 1 0 
16 29 0 0 0 0 0 1 0 1 
17 25 0 1 1 0 0 0 0 1 
18 30 1 0 0 1 1 1 0 0 
19 20 1 0 1 0 1 0 1 0 
