300 8 20
1 3 3 1 1 1 1 1 
3 5 5 3 2 3 3 2 
0 10 1 0 0 0 0 0 0 0 
1 11 0 1 0 0 0 0 0 0 
2 10 0 0 1 0 0 0 0 0 
3 19 0 0 0 1 0 0 0 0 
4 22 0 0 0 0 1 0 0 0 
5 24 0 0 0 0 0 1 0 0 
6 12 0 0 0 0 0 0 1 0 
7 19 0 0 0 0 0 0 0 1 
8 12 0 1 0 0 1 0 1 1 
9 19 0 1 1 0 0 0 1 0 
10 16 0 0 1 1 0 0 0 0 
11 19 1 0 1 1 0 0 1 0 
12 14 1 1 0 0 0 1 0 0 
13 16 0 0 0 1 0 0 1 1 
14 18 1 0 0 0 1 1 0 1 
15 13 1 0 0 1 0 1 1 0 
16 7 0 0 1 1 0 1 0 0 
17 8 1 0 0 1 0 0 1 0 
18 15 0 1 0 0 0 0 0 1 
19 16 1 1 0 0 0 1 0 0 
