300 8 20
1 1 2 3 1 3 1 2 
3 3 4 4 3 5 3 3 
0 9 1 0 0 0 0 0 0 0 
1 14 0 1 0 0 0 0 0 0 
2 14 0 0 1 0 0 0 0 0 
3 16 0 0 0 1 0 0 0 0 
4 15 0 0 0 0 1 0 0 0 
5 15 0 0 0 0 0 1 0 0 
6 18 0 0 0 0 0 0 1 0 
7 12 0 0 0 0 0 0 0 1 
8 23 0 0 0 0 1 0 1 1 
9 12 1 1 1 0 1 0 0 0 
10 15 0 0 1 1 0 0 0 1 
11 14 0 1 0 0 0 1 1 0 
12 11 1 0 0 1 0 1 0 1 
13 23 0 1 0 1 0 0 0 0 
14 15 1 0 1 0 0 0 0 0 
15 13 0 1 0 0 1 0 1 0 
16 19 1 0 1 1 1 0 0 0 
17 19 1 1 1 1 0 1 1 0 
18 13 0 0 1 0 1 0 0 0 
19 10 1 0 0 1 0 0 1 1 
