300 10 25
3 3 3 2 2 2 1 2 3 3
5 5 5 3 3 3 2 3 5 5
0 3 0 0 0 1 0 1 0 0 1 1
1 2 1 1 1 1 1 0 1 0 1 0
2 34 0 1 1 0 0 1 0 1 1 0
3 5 1 1 1 1 0 0 1 1 0 0
4 4 1 1 1 1 1 0 0 1 0 1
5 2 0 1 0 1 0 1 1 1 0 1
6 32 1 0 1 0 0 1 1 0 1 0
7 6 1 0 0 1 1 0 0 1 0 0
8 20 0 0 0 0 1 0 1 1 0 1
9 1 1 1 1 1 0 0 0 1 1 1
10 26 0 0 0 0 0 0 0 1 0 1
11 8 1 0 0 0 0 0 0 1 1 1
12 13 1 1 0 1 1 1 0 1 1 0
13 17 1 1 1 0 0 1 0 1 0 1
14 2 1 0 1 1 1 1 1 0 0 1
15 21 1 0 0 0 1 1 0 1 0 1
16 14 1 1 1 1 1 1 1 0 1 0
17 12 0 1 1 0 1 1 1 1 0 1
18 12 1 1 0 1 0 1 1 0 1 1
19 1 1 1 0 0 0 1 0 1 0 0
20 26 0 0 1 1 1 0 0 0 0 0
21 7 1 1 0 1 1 1 1 1 1 0
22 10 1 1 1 1 0 1 1 0 1 1
23 18 0 1 1 1 1 0 0 0 0 0
24 4 0 0 0 1 0 1 1 1 1 0
