300 10 25
2 5 3 5 3 4 5 2 5 5
3 7 5 7 5 6 6 4 6 6
0 10 1 1 1 0 1 1 1 1 1 1
1 20 0 0 0 0 0 0 0 0 0 1
2 17 0 1 1 1 1 0 1 1 1 1
3 29 1 0 0 0 0 0 0 0 0 0
4 2 1 0 1 1 1 1 1 1 1 1
5 7 0 0 0 0 0 0 0 1 0 0
6 6 0 1 1 0 1 0 0 1 1 1
7 54 0 0 0 0 0 0 0 0 1 0
8 3 1 1 1 1 1 1 1 1 1 1
9 1 1 1 0 1 1 1 1 0 0 0
10 6 0 1 0 0 0 0 0 0 0 0
11 7 0 0 1 0 0 0 0 0 0 0
12 4 1 1 0 1 1 0 1 1 1 1
13 17 0 0 0 1 1 1 0 0 0 1
14 1 0 0 0 1 1 1 1 0 1 1
15 19 0 0 0 0 1 0 0 0 0 0
16 14 0 1 1 1 1 0 1 0 1 0
17 3 0 1 0 1 1 0 0 1 1 1
18 4 1 1 1 1 1 0 0 0 0 0
19 2 1 1 1 1 0 1 1 1 1 1
20 30 0 0 0 0 0 0 1 0 0 0
21 1 0 1 0 1 0 1 1 1 1 0
22 24 0 0 0 1 0 0 0 0 0 0
23 18 0 0 0 0 0 1 0 0 0 0
24 1 1 1 1 1 0 0 0 0 1 1
