300 10 25
1 2 2 2 2 1 3 3 2 2
3 3 3 3 4 2 4 4 3 3
0 6 0 1 0 0 0 1 1 0 1 1
1 39 0 0 0 0 0 1 0 0 0 0
2 4 1 0 1 1 0 0 1 1 0 0
3 17 0 0 0 0 0 0 0 0 0 1
4 8 0 1 1 0 1 0 1 0 1 1
5 24 0 0 1 0 0 0 0 0 0 0
6 9 0 0 0 1 1 1 1 0 1 1
7 5 0 1 1 1 0 0 0 0 1 1
8 2 0 1 1 1 0 0 1 0 1 0
9 23 0 0 1 1 1 0 1 0 0 1
10 12 0 0 0 1 0 0 0 0 0 0
11 4 0 0 0 0 1 0 0 0 0 0
12 19 0 0 0 0 0 0 0 1 0 0
13 21 0 0 0 0 0 0 1 0 0 0
14 6 1 0 0 0 0 0 0 0 0 0
15 10 0 0 0 1 0 0 1 1 1 1
16 23 0 1 0 1 0 0 0 1 1 0
17 9 0 0 1 0 0 1 1 1 1 0
18 1 0 1 1 0 0 1 1 0 1 1
19 7 0 0 0 0 0 1 1 1 1 1
20 10 0 1 1 1 0 0 1 1 0 0
21 2 1 1 1 1 1 0 1 1 1 0
22 3 0 0 0 0 0 0 0 0 1 0
23 19 0 1 1 1 1 1 1 1 1 1
24 17 0 1 0 0 0 0 0 0 0 0
