literature/10-93.txt -0.992282 0.0522615 7.52688
literature/16-81.txt -0.911973 0.0538828 0
literature/19-71.txt -0.899259 0.061157 2.04082
literature/21-90.txt -0.802763 0.0570453 2.04082
literature/26-82.txt -0.844281 0.0649461 0
literature/36-92.txt -0.805262 0.0567868 3.09278
literature/41-66.txt -0.699449 0.0743998 0
literature/4-72.txt -0.876914 0.0660522 0
literature/6-76.txt -0.704972 0.0628514 6.38298
literature/carseq_100_8_20_04.txt -0.407474 0.102651 3.09278
literature/carseq_100_8_20_06.txt -0.47138 0.0977424 0
literature/carseq_100_8_20_07.txt -0.437848 0.0738274 3.09278
literature/carseq_100_8_20_11.txt -0.422944 0.190688 2.04082
literature/carseq_100_8_20_13.txt -0.389052 0.0731489 0
literature/carseq_100_8_20_14.txt -0.53967 0.109765 0
literature/carseq_100_8_20_16.txt -0.433437 0.172678 2.04082
literature/carseq_100_8_20_18.txt -0.29614 0.143347 0
literature/carseq_100_8_20_19.txt -0.381608 0.0920517 4.16667
literature/carseq_100_8_20_21.txt -0.40857 0.0889986 2.04082
literature/carseq_100_8_20_22.txt -0.356285 0.133213 1.0101
literature/carseq_100_8_20_26.txt -0.331723 0.206667 0
literature/carseq_100_8_20_33.txt -0.269963 0.116044 0
literature/carseq_100_8_20_35.txt -0.393079 0.0966113 0
literature/carseq_100_8_20_55.txt -0.449484 0.169853 0
literature/carseq_100_8_20_60.txt -0.346431 0.147151 2.04082
literature/carseq_100_8_20_62.txt -0.511072 0.0984086 0
literature/carseq_100_8_20_64.txt -0.297911 0.15031 0
literature/carseq_100_8_20_67.txt -0.399383 0.183693 0
literature/carseq_100_8_20_71.txt -0.302166 0.108364 2.04082
literature/carseq_100_8_20_72.txt -0.406218 0.0918898 0
literature/carseq_100_8_20_73.txt -0.38863 0.152145 0
literature/carseq_100_8_20_77.txt -0.406893 0.132113 0
literature/carseq_100_8_20_81.txt -0.326453 0.133121 0
literature/carseq_100_8_20_82.txt -0.29914 0.138943 1.0101
literature/carseq_100_8_20_85.txt -0.261945 0.166106 3.09278
literature/carseq_100_8_20_86.txt -0.423211 0.100365 2.04082
literature/carseq_100_8_20_88.txt -0.408021 0.0898372 1.0101
literature/carseq_100_8_20_90.txt -0.338291 0.165722 0
literature/carseq_100_8_20_94.txt -0.402199 0.146678 0
literature/carseq_100_8_20_98.txt -0.561262 0.017294 2.04082
literature/carseq_100_8_20_99.txt -0.44186 0.0777234 1.0101
literature/carseq_300_8_20_08.txt -0.262805 0.113064 1.69492
literature/carseq_300_8_20_10.txt -0.348577 0.118861 0
literature/carseq_300_8_20_14.txt -0.463353 0.140963 0
literature/carseq_300_8_20_15.txt -0.405748 0.160931 0
literature/carseq_300_8_20_23.txt -0.32635 0.174459 0
literature/carseq_300_8_20_25.txt -0.416209 0.0892176 0
literature/carseq_300_8_20_30.txt -0.331234 0.105935 0
literature/carseq_300_8_20_32.txt -0.439786 0.0648578 0
literature/carseq_300_8_20_36.txt -0.41243 0.149273 0
literature/carseq_300_8_20_37.txt -0.428131 0.132663 0.671141
literature/carseq_300_8_20_38.txt -0.298724 0.17913 0
literature/carseq_300_8_20_40.txt -0.306224 0.128469 1.0101
literature/carseq_300_8_20_45.txt -0.302095 0.153973 0.671141
literature/carseq_300_8_20_47.txt -0.444804 0.143225 0.334448
literature/carseq_300_8_20_53.txt -0.337927 0.102539 0
literature/carseq_300_8_20_56.txt -0.525629 0.0800301 0
literature/carseq_300_8_20_62.txt -0.410416 0.084237 0
literature/carseq_300_8_20_76.txt -0.31734 0.136201 0
literature/carseq_300_8_20_78.txt -0.407132 0.0449305 1.0101
literature/carseq_300_8_20_80.txt -0.43391 0.12078 0
literature/carseq_300_8_20_81.txt -0.363414 0.156489 1.0101
literature/carseq_500_8_20_07.txt -0.566299 0.0909807 0
literature/carseq_500_8_20_08.txt -0.329158 0.0989019 0.603622
literature/carseq_500_8_20_09.txt -0.495904 0.102062 0
literature/carseq_500_8_20_13.txt -0.44402 0.151146 0.806452
literature/carseq_500_8_20_14.txt -0.494456 0.0782396 0
literature/carseq_500_8_20_15.txt -0.259211 0.136794 0
literature/carseq_500_8_20_27.txt -0.404483 0.184385 0.200401
literature/carseq_500_8_20_28.txt -0.34903 0.129728 1.41988
literature/carseq_500_8_20_30.txt -0.480644 0.0744446 0
literature/carseq_500_8_20_34.txt -0.388645 0.118796 1.62602
literature/carseq_500_8_20_38.txt -0.403461 0.136414 0
literature/carseq_500_8_20_39.txt -0.4049 0.159735 0
literature/carseq_500_8_20_44.txt -0.304429 0.112445 1.62602
literature/carseq_500_8_20_52.txt -0.499921 -0.00269333 1.0101
literature/carseq_500_8_20_53.txt -0.411545 0.103464 2.04082
literature/carseq_500_8_20_56.txt -0.328268 0.0429888 0
literature/carseq_500_8_20_60.txt -0.392216 0.134284 0
literature/carseq_500_8_20_62.txt -0.456546 0.121567 0.603622
literature/carseq_500_8_20_64.txt -0.369038 0.13198 0
literature/carseq_500_8_20_65.txt -0.406033 0.0326764 2.04082
literature/carseq_500_8_20_66.txt -0.453587 0.148446 0
literature/carseq_500_8_20_67.txt -0.484767 0.0893328 0
literature/carseq_500_8_20_68.txt -0.457421 0.0886581 1.0101
literature/carseq_500_8_20_72.txt -0.384376 0.100608 0
literature/carseq_500_8_20_74.txt -0.482578 0.068475 0
literature/carseq_500_8_20_77.txt -0.360451 0.138509 0
literature/carseq_500_8_20_79.txt -0.332307 0.175419 0
literature/carseq_500_8_20_88.txt -0.424521 0.157136 0
literature/carseq_500_8_20_93.txt -0.367473 0.0581574 0
literature/hipqhiu_100_5_25_00 -1.00521 0.16391 0
literature/hipqhiu_100_5_25_01 -0.985071 0.170137 0
literature/hipqhiu_100_5_25_02 -1.0064 0.163309 0
literature/hipqhiu_300_5_25_00 -0.987334 0.156079 0
literature/hipqhiu_300_5_25_01 -0.980853 0.157005 0
literature/hipqhiu_300_5_25_02 -0.983834 0.210407 0
literature/hipqhiu_500_5_25_00 -1.00623 0.152204 0
literature/hipqhiu_500_5_25_01 -0.994899 0.119961 4.60251
literature/hipqhiu_500_5_25_02 -0.983779 0.174456 0
literature/hipqmedu_100_5_25_00 -0.802968 0.376925 0
literature/hipqmedu_100_5_25_01 -0.779366 0.34724 0
literature/hipqmedu_100_5_25_02 -0.77079 0.365173 0
literature/hipqmedu_300_5_25_00 -0.774103 0.386717 0
literature/hipqmedu_300_5_25_01 -0.781739 0.407867 0
literature/hipqmedu_300_5_25_02 -0.790632 0.379883 0
literature/hipqmedu_500_5_25_00 -0.779203 0.374794 0
literature/hipqmedu_500_5_25_01 -0.785319 0.383786 0
literature/hipqmedu_500_5_25_02 -0.824916 0.345906 0
literature/lopq820_100_8_20_00 -0.64905 -0.0332002 0
literature/lopq820_100_8_20_01 -0.705427 0.0160032 5.26316
literature/lopq820_100_8_20_02 -0.647696 0.0306823 5.26316
literature/lopq820_300_8_20_00 -0.582803 0.0160771 0
literature/lopq820_300_8_20_01 -0.651264 0.000929039 0
literature/lopq820_300_8_20_02 -0.542636 -0.0179685 1.35135
literature/lopq820_500_8_20_00 -0.404108 -0.0577521 0
literature/lopq820_500_8_20_01 -0.699247 -0.0370477 13.8952
literature/lopq820_500_8_20_02 -0.554532 -0.00782043 4.8218
literature/negbfixedpq_100_5_25_00 -0.758108 0.142813 0
literature/negbfixedpq_100_5_25_01 -0.741202 0.161236 0
literature/negbfixedpq_100_5_25_02 -0.783464 0.15488 0
literature/negbfixedpq_300_5_25_00 -0.682931 0.137117 0
literature/negbfixedpq_300_5_25_01 -0.699763 0.13708 0
literature/negbfixedpq_300_5_25_02 -0.744225 0.150351 0
literature/negbfixedpq_500_5_25_00 -0.77707 0.14204 0
literature/negbfixedpq_500_5_25_01 -0.752029 0.142067 0
literature/negbfixedpq_500_5_25_02 -0.783229 0.138701 1.62602
literature/negbhipqlou_100_5_25_00 -0.567231 0.475093 0
literature/negbhipqlou_100_5_25_01 -0.605363 0.428804 0
literature/negbhipqlou_100_5_25_02 -0.595176 0.444402 0
literature/negbhipqlou_300_5_25_00 -0.610603 0.435441 0
literature/negbhipqlou_300_5_25_01 -0.595574 0.478658 0
literature/negbhipqlou_300_5_25_02 -0.57891 0.441617 0
literature/negbhipqlou_500_5_25_00 -0.57807 0.456032 0
literature/negbhipqlou_500_5_25_01 -0.597762 0.44499 0
literature/negbhipqlou_500_5_25_02 -0.565711 0.463455 0
literature/negbhiu_100_5_25_00 -0.988807 0.0269216 11.1111
literature/negbhiu_100_5_25_01 -0.986749 0.0376884 0
literature/negbhiu_100_5_25_02 -0.983418 0.148373 1.0101
literature/negbhiu_300_5_25_00 -0.982976 0.125752 0
literature/negbhiu_300_5_25_01 -0.98902 0.0323532 0.671141
literature/negbhiu_300_5_25_02 -0.986305 0.0804369 4.8951
literature/negbhiu_500_5_25_00 -0.985189 0.034511 1.41988
literature/negbhiu_500_5_25_01 -0.992925 0.0889674 1.62602
literature/negbhiu_500_5_25_02 -0.998556 0.0406351 0
literature/nobhiu_100_5_25_00 -0.993974 0.174201 0
literature/nobhiu_100_5_25_01 -0.989781 0.0916861 0
literature/nobhiu_100_5_25_02 -1.01554 0.15507 3.09278
literature/nobhiu_300_5_25_00 -0.986361 0.167681 0
literature/nobhiu_300_5_25_01 -0.990362 0.145156 2.38908
literature/nobhiu_300_5_25_02 -1.0118 0.137792 2.04082
literature/nobhiu_500_5_25_00 -0.997807 0.126058 0.603622
literature/nobhiu_500_5_25_01 -1.00165 0.0951981 1.62602
literature/nobhiu_500_5_25_02 -0.991804 0.187566 0
literature/pb_200_01.txt -0.958434 0.0656849 1.52284
literature/pb_200_02.txt -0.787715 0.0516834 1.52284
literature/pb_200_03.txt -0.900739 0.0477911 8.10811
literature/pb_200_04.txt -0.942291 0.0547433 4.16667
literature/pb_200_05.txt -0.906116 0.0684531 3.09278
literature/pb_200_06.txt -0.898659 0.0694889 3.09278
literature/pb_200_07.txt -0.936837 0.0738645 0.502513
literature/pb_200_08.txt -0.840319 0.0740779 4.16667
literature/pb_200_09.txt -0.892704 0.0573986 5.26316
literature/pb_200_10.txt -0.703477 0.0390152 10.4972
literature/pb_300_01.txt -0.749717 0.0410277 0
literature/pb_300_02.txt -0.89822 0.0529166 6.76157
literature/pb_300_03.txt -0.994945 0.0695719 6.00707
literature/pb_300_04.txt -0.962847 0.0688084 2.73973
literature/pb_300_05.txt -1.04133 0.0553289 10.2941
literature/pb_300_06.txt -0.90501 0.0606859 4.52962
literature/pb_300_07.txt -0.948899 0.0622141 0
literature/pb_300_08.txt -0.959326 0.0749225 3.09278
literature/pb_300_09.txt -0.873088 0.0532202 2.73973
literature/pb_300_10.txt -0.941951 0.0658732 6.76157
literature/pb_400_01.txt -0.853376 0.0509877 2.04082
literature/pb_400_02.txt -0.86051 0.0488571 6.38298
literature/pb_400_03.txt -0.721013 0.0350962 5.82011
literature/pb_400_04.txt -0.956015 0.0695138 5.26316
literature/pb_400_05.txt -0.950014 0.0765 0
literature/pb_400_06.txt -0.89312 0.0706128 0
literature/pb_400_07.txt -0.850381 0.0580627 1.52284
literature/pb_400_08.txt -0.952114 0.0662955 2.04082
literature/pb_400_09.txt -0.920112 0.0564809 2.30179
literature/pb_400_10.txt -0.790961 0.0562633 0
literature/posbhiu_100_5_25_00 -1.00511 0.20613 0
literature/posbhiu_100_5_25_01 -1.00075 0.17556 0
literature/posbhiu_100_5_25_02 -0.987484 0.218866 1.0101
literature/posbhiu_300_5_25_00 -1.01236 0.230966 0
literature/posbhiu_300_5_25_01 -0.99816 0.262711 0
literature/posbhiu_300_5_25_02 -0.991205 0.183022 0
literature/posbhiu_500_5_25_00 -0.982995 0.246875 0
literature/posbhiu_500_5_25_01 -0.995027 0.226828 0
literature/posbhiu_500_5_25_02 -0.988644 0.22572 0
literature/randN_100_5_25_00 -0.988697 0.236776 0
literature/randN_100_5_25_01 -1.0004 0.13154 4.16667
literature/randN_100_5_25_02 -0.995505 0.0977389 1.0101
literature/randN_300_5_25_00 -0.991137 0.124548 17.6471
literature/randN_300_5_25_01 -0.992169 0.169159 2.04082
literature/randN_300_5_25_02 -0.999309 0.20349 7.91367
literature/randN_500_5_25_00 -1.00662 0.214994 7.29614
literature/randN_500_5_25_01 -0.990441 0.128019 7.75862
literature/randN_500_5_25_02 -0.987106 0.236486 0
literature/Ranyu10_100_10_25_00 -0.456595 0.0778976 26.5823
literature/Ranyu10_100_10_25_01 -0.559523 0.198809 23.4568
literature/Ranyu10_100_10_25_02 -0.542925 0.203273 28.2051
literature/Ranyu10_300_10_25_00 -0.744686 0.20379 18.1102
literature/Ranyu10_300_10_25_01 -0.503711 0.164775 42.8571
literature/Ranyu10_300_10_25_02 -0.620769 0.243968 2.73973
literature/Ranyu10_500_10_25_00 -0.603329 0.152833 14.9425
literature/Ranyu10_500_10_25_01 -0.530352 0.14758 6.60981
literature/Ranyu10_500_10_25_02 -0.703443 0.189817 59.2357
literature/Rlou_100_5_25_00 -0.786839 0.133426 0
literature/Rlou_100_5_25_01 -0.681317 0.267187 0
literature/Rlou_100_5_25_02 -0.874573 0.157217 0
literature/Rlou_300_5_25_00 -0.7322 0.233674 0
literature/Rlou_300_5_25_01 -0.827236 0.228973 0
literature/Rlou_300_5_25_02 -0.814488 0.1781 0
literature/Rlou_500_5_25_00 -0.761707 0.299141 0
literature/Rlou_500_5_25_01 -0.74817 0.320828 0
literature/Rlou_500_5_25_02 -0.856178 0.121595 2.24949
literature/Rnegbhipqvlou10o_100_10_25_00 -0.270621 0.533595 0
literature/Rnegbhipqvlou10o_100_10_25_01 -0.290875 0.503851 0
literature/Rnegbhipqvlou10o_100_10_25_02 -0.331969 0.474517 0
literature/Rnegbhipqvlou10o_300_10_25_00 -0.38047 0.4749 0
literature/Rnegbhipqvlou10o_300_10_25_01 -0.384999 0.450046 0
literature/Rnegbhipqvlou10o_300_10_25_02 -0.314535 0.496324 0
literature/Rnegbhipqvlou10o_500_10_25_00 -0.43877 0.468346 0
literature/Rnegbhipqvlou10o_500_10_25_01 -0.341705 0.433231 0
literature/Rnegbhipqvlou10o_500_10_25_02 -0.369366 0.483002 0
literature/Rnegblopqvlou10o_100_10_25_00 -0.312805 0.248479 0
literature/Rnegblopqvlou10o_100_10_25_01 -0.375564 0.233798 0
literature/Rnegblopqvlou10o_100_10_25_02 -0.326815 0.293031 0
literature/Rnegblopqvlou10o_300_10_25_00 -0.389502 0.223423 0
literature/Rnegblopqvlou10o_300_10_25_01 -0.405977 0.282165 0
literature/Rnegblopqvlou10o_300_10_25_02 -0.297538 0.264474 0
literature/Rnegblopqvlou10o_500_10_25_00 -0.317198 0.263573 0
literature/Rnegblopqvlou10o_500_10_25_01 -0.25951 0.236137 0
literature/Rnegblopqvlou10o_500_10_25_02 -0.216446 0.223904 0
literature/Rnegbvlou10o_100_10_25_00 -0.309161 0.303674 0
literature/Rnegbvlou10o_100_10_25_01 -0.466079 0.378994 0
literature/Rnegbvlou10o_100_10_25_02 -0.283582 0.332835 0
literature/Rnegbvlou10o_300_10_25_00 -0.385868 0.359985 0
literature/Rnegbvlou10o_300_10_25_01 -0.397849 0.353075 0
literature/Rnegbvlou10o_300_10_25_02 -0.228528 0.352501 0
literature/Rnegbvlou10o_500_10_25_00 -0.443362 0.381413 0
literature/Rnegbvlou10o_500_10_25_01 -0.331423 0.337362 0
literature/Rnegbvlou10o_500_10_25_02 -0.294839 0.324095 0
