472
19.2543
9
3
18
9
2
14
9
1
3
13
12
7
16
2
15
3
0
11
1
16
2
11
0
3
11
2
14
9
4
3
13
15
5
16
7
18
17
13
7
8
4
10
8
2
5
16
15
1
14
9
4
3
9
18
3
18
10
8
1
10
8
4
10
8
4
10
8
1
10
8
4
1
15
16
5
15
16
5
15
3
4
9
14
2
9
18
1
19
6
5
16
15
5
3
11
13
3
11
13
4
8
10
5
8
10
2
6
19
5
6
16
7
4
17
10
5
17
10
18
17
13
2
11
3
13
7
17
18
10
17
2
13
8
1
13
11
3
13
2
11
3
13
11
14
0
11
14
5
9
3
2
12
19
18
1
17
7
13
17
7
13
14
11
5
14
11
0
14
15
0
3
12
13
3
12
0
14
15
0
14
11
0
14
15
18
3
9
18
2
9
14
2
9
14
5
12
10
14
6
7
16
6
1
10
8
5
13
15
14
0
11
5
16
2
11
3
13
11
3
18
9
18
3
15
4
0
14
11
0
14
15
13
3
6
10
4
8
7
0
8
4
10
17
4
2
15
16
5
12
14
13
7
8
13
7
12
14
2
9
14
4
9
3
18
2
19
6
4
19
6
5
16
2
12
3
10
6
14
10
5
8
10
18
6
19
2
6
16
7
6
16
7
18
17
0
7
8
0
2
8
1
10
17
4
10
4
8
10
1
8
10
18
17
0
5
15
16
2
6
19
4
6
16
2
12
19
5
6
13
14
11
5
16
15
5
16
15
18
3
9
18
2
19
12
5
7
17
1
10
8
18
7
8
0
18
8
0
4
6
19
18
1
8
10
5
8
10
18
17
10
18
6
19
18
6
19
4
6
19
1
5
19
6
18
3
9
2
4
19
6
18
19
12
5
16
6
7
16
1
11
13
14
7
12
2
19
12
1
10
14
6
10
18
17
7
0
8
7
13
8
18
0
14
15
0
14
11
0
3
12
10
4
17
7
0
17
18
7
16
6
2
7
8
4
10
17
1
13
14
12
0
7
17
18
13
17
18
13
11
3
18
9
14
1
15
16
5
15
16
5
15
16
