280
3.3352
18
6
9
18
12
2
13
12
8
11
1
12
7
10
12
17
10
5
12
13
0
8
16
11
8
16
7
19
8
13
0
12
15
0
6
18
9
12
17
10
3
17
9
1
17
19
2
13
19
8
13
12
9
13
5
9
17
4
10
5
17
10
5
17
10
4
7
0
1
15
19
1
15
5
19
13
2
19
13
12
8
13
0
8
13
5
9
18
3
5
10
7
6
10
5
17
10
4
7
10
4
7
14
5
7
9
1
7
9
1
12
15
12
4
10
6
7
10
6
17
10
4
17
10
6
17
8
16
11
2
1
11
8
1
11
8
4
13
9
5
18
3
9
18
3
19
15
1
19
7
8
19
18
12
19
15
1
4
11
1
2
11
1
2
11
1
4
9
18
4
9
18
4
4
14
7
3
16
11
2
1
11
2
16
11
2
1
11
3
4
17
10
4
6
13
19
6
18
2
19
18
2
19
13
8
0
13
8
19
13
6
4
10
17
6
10
7
12
10
7
3
19
15
16
4
11
2
1
11
12
8
18
19
2
13
19
2
18
6
9
13
12
8
11
5
6
10
7
4
14
7
12
1
0
15
16
0
7
8
12
18
9
3
7
9
1
12
17
10
5
7
9
1
17
0
8
18
19
8
18
