469
9.57111
10
17
8
11
2
4
11
7
2
19
14
3
19
14
3
19
14
5
4
10
8
17
11
2
17
10
7
5
0
15
5
0
15
6
0
12
4
14
5
4
12
14
4
12
18
4
9
8
17
11
7
17
10
2
5
15
0
5
12
7
16
12
7
16
1
8
16
9
8
4
10
8
17
11
2
5
15
0
5
9
16
5
12
18
17
6
18
9
3
13
9
6
14
19
3
18
2
19
3
18
12
17
8
0
19
6
18
4
1
8
17
11
8
4
11
3
6
16
12
8
16
12
3
13
12
3
13
9
3
14
19
6
14
19
5
0
15
3
5
9
14
4
1
14
17
12
18
3
19
14
3
19
18
5
17
10
7
17
11
8
2
11
17
7
10
3
3
14
17
9
7
16
1
6
16
12
2
13
1
5
13
9
6
16
12
7
16
1
8
16
6
1
13
6
1
4
18
12
4
18
6
19
3
14
17
1
14
2
12
7
16
12
5
14
4
9
0
8
17
10
8
2
1
18
17
1
6
18
17
1
14
4
5
10
7
4
12
0
17
7
11
17
7
11
6
7
11
4
6
18
19
3
0
4
9
14
5
19
2
14
19
6
0
15
3
5
10
17
8
1
16
8
1
16
7
12
16
7
1
17
14
1
17
8
11
17
2
11
17
8
10
3
7
17
9
8
16
12
3
16
12
7
16
12
8
16
12
3
13
6
12
18
17
2
10
7
17
11
3
6
18
9
5
13
1
6
13
9
5
13
1
3
18
19
2
8
11
4
8
9
16
6
12
16
2
1
13
6
9
16
7
6
10
17
2
0
15
2
3
19
18
3
19
18
2
12
17
14
3
2
15
0
3
12
14
4
9
7
0
17
8
11
4
8
10
4
2
0
1
7
17
10
8
17
11
2
17
11
2
4
14
1
5
16
9
7
17
10
8
4
1
5
13
2
12
16
7
1
16
7
12
16
5
9
0
2
19
14
5
4
10
7
17
11
7
17
10
3
5
15
0
6
15
0
2
5
10
17
8
10
4
5
10
5
4
10
8
4
10
8
4
11
8
17
11
6
6
18
19
