288
2.95697
13
18
7
3
14
7
3
14
15
16
14
15
16
14
0
4
13
17
15
13
15
0
13
17
5
19
17
1
16
10
6
16
7
14
16
7
14
16
7
14
16
5
2
12
4
2
12
5
2
3
1
10
3
17
1
19
6
1
16
10
18
1
3
0
6
19
1
17
19
1
6
19
9
18
7
11
6
7
3
14
15
3
14
5
3
1
2
18
9
19
6
9
19
6
9
19
6
9
3
0
14
16
4
10
16
6
1
2
3
0
2
12
4
4
8
5
15
12
2
5
12
2
0
3
14
15
0
13
7
6
13
15
0
14
4
16
14
4
16
6
4
15
13
17
0
2
12
15
5
18
13
15
18
13
4
0
8
4
7
13
18
4
13
18
5
13
18
4
13
18
15
3
14
0
15
13
18
5
3
14
0
15
12
2
5
15
12
2
5
9
10
15
18
13
15
18
13
0
17
19
1
17
19
9
18
11
1
17
10
1
7
11
18
1
11
18
1
11
17
9
10
3
1
2
3
18
10
7
12
5
4
8
0
5
12
10
5
9
11
18
7
19
1
6
11
7
18
13
0
6
0
9
11
18
7
13
6
5
16
14
0
5
14
16
4
14
4
16
9
0
11
1
6
11
9
18
3
2
15
3
10
17
0
13
17
5
13
17
