290
4.14
17
1
15
2
18
1
15
7
8
1
11
6
3
9
11
6
19
9
4
15
19
13
7
11
2
8
7
8
7
12
5
17
10
12
5
19
9
12
7
11
9
19
6
3
9
5
14
10
17
5
14
10
8
5
12
10
19
5
12
4
17
0
17
0
17
7
8
4
17
7
8
7
14
16
8
0
14
5
8
7
0
17
13
4
4
13
17
4
2
8
11
1
4
19
15
6
5
19
8
6
5
19
13
12
5
10
14
9
4
11
14
16
6
19
6
3
13
11
1
0
8
14
5
1
8
12
0
10
8
2
15
0
17
4
8
7
1
11
12
13
1
11
12
9
4
19
12
9
7
11
14
13
10
11
7
13
3
8
2
1
11
8
4
6
19
8
0
7
17
13
3
0
8
13
3
7
13
18
4
3
13
9
3
0
18
16
14
7
9
16
7
14
8
16
7
14
9
11
1
14
16
15
4
1
14
9
11
7
19
13
15
2
19
2
13
15
19
2
9
14
19
5
1
14
9
5
19
6
13
11
3
1
0
18
11
1
0
8
14
5
1
15
1
14
16
14
16
14
4
8
16
3
6
13
11
1
6
19
7
15
10
8
2
15
7
18
4
17
0
8
7
17
7
13
4
8
3
1
6
11
8
10
6
11
9
19
7
0
18
17
