477
9.41866
19
15
7
17
9
15
17
18
8
11
19
3
6
19
8
5
17
9
3
17
9
11
17
8
9
4
7
12
19
2
8
11
4
8
11
9
3
17
9
8
2
10
13
5
7
9
4
12
18
16
8
18
16
15
1
17
15
9
4
8
18
16
12
2
1
15
19
2
7
15
10
18
7
5
14
2
6
19
6
11
8
19
1
15
18
4
12
18
6
16
13
5
4
12
18
16
3
7
5
10
13
6
11
19
3
7
19
3
11
0
15
17
1
9
11
4
13
5
1
13
10
7
3
9
7
15
17
0
2
17
12
7
9
4
15
7
19
6
12
2
0
10
12
1
4
12
0
16
3
1
19
12
1
0
10
3
18
10
15
18
17
15
6
10
13
5
4
13
6
10
2
5
13
5
4
12
2
19
8
11
0
16
1
8
11
10
13
6
11
19
7
8
19
7
11
0
5
8
16
0
15
4
5
13
6
10
13
1
10
15
7
0
12
4
9
1
16
13
5
1
12
7
4
5
18
12
4
18
5
15
18
2
17
12
18
16
8
9
4
12
18
16
8
18
16
5
13
6
2
14
2
1
13
10
1
15
4
5
13
16
6
3
19
11
1
4
8
11
18
6
15
19
2
1
14
5
6
13
5
7
19
3
11
4
11
3
9
17
15
0
17
15
0
16
2
18
17
15
6
19
8
6
11
14
7
1
9
12
1
18
16
8
9
4
12
18
11
6
10
18
15
7
10
18
15
17
18
8
11
19
2
7
14
7
1
14
5
2
17
9
12
4
6
15
19
2
8
11
19
6
7
14
5
7
13
10
1
5
13
6
4
15
9
4
3
11
10
13
6
16
18
7
10
18
12
17
5
13
5
2
14
1
7
10
18
12
17
9
3
6
19
3
5
17
18
12
16
1
18
5
15
0
1
12
16
0
2
16
3
9
17
15
7
19
6
12
4
0
11
17
12
0
11
8
11
17
9
3
16
0
15
17
18
8
11
19
3
6
5
14
2
1
19
15
7
17
9
7
10
13
6
17
9
8
16
18
11
6
14
7
6
11
14
6
2
14
2
6
19
8
7
11
19
8
7
19
15
