480
13.3865
12
19
3
10
9
3
14
17
5
6
2
11
18
2
11
19
13
11
6
3
15
4
0
10
9
7
10
7
8
15
0
7
15
8
3
18
16
3
1
16
7
3
17
5
14
18
16
6
0
15
4
7
15
8
3
15
4
14
15
4
6
18
11
13
1
12
13
19
4
5
7
17
14
5
17
0
6
16
7
18
11
2
18
12
13
1
12
13
1
8
6
15
7
8
15
3
8
15
6
8
15
14
6
16
14
1
12
13
18
11
13
7
18
12
2
3
12
19
14
10
9
3
10
9
7
6
15
4
6
15
6
8
15
6
4
10
19
8
10
19
14
12
18
13
11
19
2
5
9
13
0
11
2
19
11
2
19
11
2
14
12
1
13
11
6
1
8
10
18
0
11
3
18
11
3
18
4
10
3
9
10
0
7
15
4
14
15
4
6
15
4
14
15
3
4
15
0
4
19
10
8
1
10
4
1
10
8
18
10
8
1
2
12
6
6
15
8
6
10
9
3
5
17
0
5
17
0
6
12
2
19
12
6
3
19
4
10
6
9
5
13
9
5
2
1
12
0
19
2
12
1
14
11
2
19
12
2
3
9
5
2
9
3
10
9
3
5
9
13
5
9
2
14
19
10
4
14
15
8
3
15
4
14
15
4
0
10
9
3
5
17
7
5
17
3
0
11
3
7
9
10
3
8
15
3
8
15
3
8
15
0
6
8
15
7
4
15
7
0
19
11
2
19
11
7
6
17
5
6
17
5
6
8
19
10
8
19
10
8
19
10
8
19
10
8
18
5
8
19
10
8
1
10
0
18
16
0
18
2
12
18
13
11
18
13
11
1
13
11
18
2
12
1
3
16
14
1
0
16
14
18
11
2
1
12
0
2
9
5
14
17
6
5
9
7
10
8
19
5
13
3
4
15
7
4
15
7
4
15
14
3
17
14
5
17
14
5
0
17
14
7
15
4
6
10
9
3
5
17
3
5
17
14
3
17
5
3
9
10
7
19
11
13
18
11
13
1
11
2
6
11
13
18
11
2
1
12
13
1
12
0
1
10
4
18
5
8
1
10
4
19
10
14
19
12
2
19
14
16
18
