474
7.34702
18
4
16
18
4
6
15
19
1
4
8
1
14
15
1
2
3
0
18
3
7
18
0
3
18
4
7
8
1
10
15
1
10
15
12
14
5
17
2
5
0
2
17
5
2
1
16
5
11
3
9
10
1
15
19
1
15
19
1
8
19
12
15
14
6
15
11
4
9
16
1
10
3
5
14
17
0
2
5
17
7
5
3
11
5
7
11
7
6
18
3
4
11
3
5
19
17
7
4
13
6
6
8
11
4
3
11
9
16
11
6
15
11
7
3
6
19
17
9
2
1
8
19
12
8
2
12
15
14
1
3
9
1
0
16
18
4
4
18
3
4
0
18
16
7
18
3
7
14
8
12
19
8
0
14
5
17
19
9
12
16
0
18
3
6
7
11
9
3
12
14
6
15
12
14
5
17
14
5
16
0
18
4
16
1
9
3
14
12
15
14
12
15
2
1
8
14
12
16
7
18
0
16
18
6
16
11
4
15
19
1
15
19
12
8
19
1
16
10
9
17
2
0
15
10
12
15
14
12
3
14
9
3
11
5
3
11
5
16
11
4
3
18
0
7
18
3
7
11
9
3
6
11
9
16
1
6
16
18
0
0
2
8
0
1
8
14
1
16
5
1
16
4
18
4
7
13
0
0
17
2
0
8
14
0
0
13
6
4
17
6
5
17
10
9
16
4
18
16
4
18
3
7
5
11
7
8
19
1
8
7
11
5
0
11
5
16
1
19
16
0
18
6
3
2
7
7
17
5
10
17
9
10
1
9
2
17
4
14
8
4
2
17
9
14
1
16
9
2
17
9
10
1
15
14
6
15
1
14
15
12
19
16
0
18
6
16
18
0
16
11
9
4
19
17
9
6
16
5
11
16
9
14
12
16
9
4
2
17
9
10
17
5
10
17
9
7
17
5
7
1
8
10
1
15
7
14
15
6
14
17
0
10
15
4
11
6
15
0
11
3
5
14
17
5
14
17
9
2
1
15
4
0
17
10
5
17
19
7
15
11
6
15
12
19
3
12
9
14
1
8
19
1
15
19
12
3
5
19
17
5
14
1
15
2
12
8
14
12
15
2
6
15
12
