283
2.9986
15
7
3
9
10
7
8
11
7
8
0
6
9
7
7
15
0
7
9
6
7
18
1
14
5
1
16
12
1
10
5
14
13
18
4
19
16
14
1
5
10
8
18
10
1
12
10
7
9
10
0
8
11
7
8
10
0
4
11
1
0
12
6
1
2
6
8
17
0
6
5
2
19
12
6
2
9
3
10
2
9
10
0
8
6
17
19
6
12
1
16
12
19
6
14
1
5
4
13
17
14
10
19
4
17
16
8
3
11
8
2
11
8
3
18
13
4
2
11
8
0
17
8
7
11
1
4
17
13
0
2
11
8
2
16
9
2
6
12
3
0
6
9
2
2
11
2
3
9
16
7
19
10
5
19
10
14
17
19
2
11
8
3
11
8
0
6
9
2
16
1
4
11
1
4
11
2
19
12
7
13
18
4
13
18
3
10
12
1
16
12
0
13
5
14
10
1
5
14
6
1
18
6
4
17
13
0
12
6
19
17
14
13
17
4
13
18
4
1
10
5
14
16
18
3
19
12
0
6
12
0
3
9
10
2
9
16
2
2
15
0
3
12
13
0
12
13
7
17
8
3
18
13
14
5
19
6
12
19
10
2
9
3
10
12
1
10
5
19
4
11
3
8
5
6
8
17
0
16
18
8
0
10
