280
4.07791
17
4
5
14
8
13
12
8
13
5
8
1
3
8
1
14
8
13
10
6
9
3
10
8
13
10
16
6
3
4
19
13
4
12
2
8
14
13
8
12
1
8
14
5
15
0
10
8
0
13
6
16
13
2
4
19
13
18
19
13
18
12
11
3
16
11
2
4
17
7
2
15
12
7
15
3
14
8
2
7
1
16
6
3
16
11
5
16
11
2
4
19
3
4
17
7
4
17
3
18
11
14
4
2
6
18
13
10
0
15
3
14
8
13
10
8
13
12
8
1
12
8
13
14
8
1
10
16
6
5
9
6
5
18
19
13
4
19
1
18
19
2
5
16
6
13
16
10
6
13
16
7
6
9
7
6
9
3
5
8
2
12
15
5
0
15
7
3
9
6
3
9
10
6
1
16
2
13
8
0
2
11
12
10
11
16
5
13
8
0
2
15
0
5
18
19
7
18
17
3
7
16
11
10
4
17
7
5
8
1
14
8
1
0
18
11
14
4
11
14
4
11
14
18
11
3
16
6
13
16
6
1
16
6
1
16
6
1
16
6
3
4
17
2
5
15
14
10
15
5
14
11
18
12
10
15
2
7
15
14
3
4
19
13
10
18
0
13
18
19
5
7
8
1
12
8
13
10
16
11
