480
19.071
12
9
1
18
19
18
1
15
2
14
15
0
2
15
1
10
15
6
16
4
12
6
9
8
1
9
3
14
1
17
4
8
17
11
18
3
9
1
12
9
7
14
11
17
0
8
13
7
18
19
16
6
4
16
14
15
2
1
3
9
14
0
9
7
14
3
14
9
3
8
0
15
14
2
18
19
16
5
3
16
11
3
0
9
1
8
7
9
12
1
9
3
5
16
19
5
7
9
12
1
9
6
12
13
6
5
2
19
14
5
9
1
6
17
11
8
17
4
14
3
9
14
6
17
11
14
17
4
14
2
12
6
9
12
1
9
6
12
10
7
18
19
10
7
15
10
1
18
3
13
8
3
9
1
12
9
7
18
11
8
17
4
14
6
16
4
18
10
19
5
2
12
5
11
17
1
18
13
3
8
4
16
5
19
2
18
12
9
6
3
16
1
15
2
5
19
16
6
5
16
19
18
2
14
11
17
6
18
19
16
18
3
9
1
14
17
0
11
12
5
0
13
3
5
10
19
18
2
19
8
0
15
10
7
8
0
13
3
18
16
19
6
5
9
12
1
4
17
18
6
16
19
18
5
19
10
0
15
14
2
19
6
10
18
11
2
18
11
10
6
18
11
17
1
4
10
5
19
2
6
8
17
0
11
10
5
3
10
4
14
17
1
5
19
18
10
4
14
0
17
14
11
5
2
12
14
0
9
3
14
11
17
18
11
12
2
4
8
10
15
7
1
9
5
18
11
7
10
15
8
2
11
5
16
18
19
2
14
15
10
0
11
17
8
6
11
17
5
11
12
6
18
11
17
8
4
17
1
8
17
4
1
17
11
18
10
4
8
0
10
4
12
6
9
1
12
9
6
3
9
14
12
4
2
8
15
16
0
19
2
8
3
13
6
12
9
6
12
6
16
15
0
10
4
14
17
1
5
19
5
0
10
15
6
16
19
5
2
8
12
2
7
12
13
18
6
19
10
18
3
14
11
17
6
11
17
14
18
2
19
14
0
15
8
2
15
1
10
15
7
1
9
12
7
13
3
18
16
19
6
7
12
13
18
0
19
16
5
6
17
11
8
3
18
10
19
7
5
13
12
