465
21.6869
17
13
0
17
2
13
17
0
13
17
5
7
17
18
14
9
15
4
9
3
14
12
3
0
7
17
18
5
17
13
0
17
1
7
17
2
13
17
14
18
8
6
1
8
2
1
10
9
14
16
17
7
4
15
11
0
10
12
5
3
14
11
15
4
6
8
16
4
9
15
4
9
10
1
6
8
1
6
8
18
6
8
1
5
17
13
0
17
13
2
17
13
2
17
13
2
3
13
6
10
7
0
15
9
2
19
9
0
15
6
5
8
6
1
8
5
6
3
16
9
0
19
9
14
16
8
6
18
8
6
18
7
17
14
1
8
6
0
10
9
16
10
9
4
19
9
4
19
4
9
10
16
14
11
15
0
11
3
5
12
4
3
9
16
10
11
18
10
11
16
10
11
14
1
8
6
18
10
7
6
15
4
6
8
14
6
13
3
5
12
3
14
12
14
3
12
5
3
12
2
14
17
13
2
17
13
2
17
7
0
19
9
2
15
9
4
15
11
14
18
9
3
18
9
2
19
9
5
16
17
2
13
17
14
7
19
4
9
10
1
5
17
1
5
7
15
6
7
3
1
7
17
2
18
7
17
5
16
17
7
18
10
6
13
3
6
13
3
2
12
10
4
13
3
5
6
8
1
6
8
1
6
8
5
16
10
9
16
5
9
15
2
11
19
2
6
15
7
5
17
7
1
5
3
12
0
10
12
5
3
11
18
10
6
14
8
6
16
8
6
18
8
6
1
8
14
6
15
4
11
15
4
11
10
18
6
10
7
6
2
15
11
14
16
17
7
18
17
7
1
10
11
18
10
11
14
16
17
7
2
15
11
5
3
12
14
3
13
2
17
13
0
17
13
0
6
8
1
14
9
15
4
9
15
4
9
1
10
6
13
4
10
11
16
10
11
16
10
4
12
3
14
11
15
4
9
15
4
14
8
1
5
11
10
18
7
17
5
0
12
3
14
11
10
18
9
3
18
6
8
1
6
8
14
1
17
0
13
17
2
13
3
4
12
3
14
1
9
10
18
9
10
16
9
2
15
7
6
15
0
6
8
18
6
8
