474
11.3883
10
2
0
10
13
12
16
1
12
16
3
17
14
4
8
4
16
19
12
16
1
2
13
11
9
5
4
8
13
16
8
6
7
17
4
16
8
6
7
9
4
11
9
3
11
2
19
11
2
19
16
12
19
7
12
5
3
8
7
4
8
4
14
1
12
6
16
8
13
16
1
12
14
3
17
6
4
17
7
13
8
16
13
8
5
13
9
0
14
9
6
11
9
5
14
8
6
14
8
5
7
9
13
11
9
4
11
9
13
3
17
7
13
17
4
7
2
19
11
2
19
11
2
19
11
2
6
10
12
13
16
8
5
14
8
5
14
8
13
16
8
6
16
0
15
10
3
0
19
2
11
19
3
11
9
13
7
8
4
14
12
1
14
15
1
7
6
8
7
13
8
14
13
0
9
4
7
17
13
7
8
13
16
8
3
14
8
6
7
2
0
10
15
0
10
15
3
11
15
1
16
13
8
16
3
8
5
14
8
6
14
12
19
7
12
1
14
12
4
10
6
2
7
19
2
16
0
9
5
13
9
11
13
5
8
14
4
15
10
0
15
4
7
9
0
7
9
0
7
1
12
7
1
12
13
16
8
4
3
17
14
4
19
12
16
1
12
14
3
15
10
0
15
10
0
15
1
11
2
19
11
2
13
16
12
6
1
11
15
1
11
2
4
10
15
5
7
9
0
16
19
12
16
19
12
5
7
8
5
3
18
2
3
11
9
13
11
9
13
7
12
19
16
12
19
14
12
1
7
12
1
7
0
9
16
3
17
3
16
8
3
7
8
5
3
18
2
4
7
12
1
4
11
15
1
5
12
10
4
15
10
0
2
10
0
2
10
6
12
1
7
12
19
16
12
1
16
12
13
10
0
15
10
4
12
14
4
17
13
14
8
3
14
15
5
14
19
2
11
6
9
11
6
9
0
5
2
10
4
3
18
2
4
0
15
10
0
15
1
11
4
13
17
7
5
9
0
14
5
8
16
4
17
7
6
8
14
4
17
6
16
8
4
7
8
5
13
17
14
5
15
1
11
2
13
10
0
2
1
11
15
1
11
3
9
7
0
9
5
7
17
13
7
17
