472
38.3754
10
4
2
7
12
16
8
12
16
2
11
15
2
9
15
1
6
17
5
6
17
0
0
14
0
7
1
14
3
7
14
0
0
10
4
2
10
11
0
10
11
2
15
9
1
5
17
6
1
17
5
6
17
5
19
17
5
19
17
0
5
17
19
1
15
2
9
15
1
9
15
1
4
13
3
0
14
7
3
4
13
3
11
7
16
12
8
3
12
8
1
6
5
17
19
5
17
6
1
4
13
3
11
13
3
4
13
1
3
11
8
16
12
8
3
11
13
3
11
8
5
16
4
1
13
3
0
13
11
1
15
9
2
15
9
2
15
19
4
15
1
9
15
0
2
15
9
2
15
9
0
8
16
12
8
16
12
8
16
12
7
16
11
8
19
1
17
6
1
15
9
1
15
9
1
15
4
6
5
17
6
5
17
6
5
17
6
5
17
6
5
18
11
7
16
12
8
16
12
8
16
12
8
16
12
0
3
13
11
3
13
4
3
13
4
3
13
0
4
15
2
0
10
4
0
10
11
2
15
9
1
18
7
9
18
5
9
7
3
14
1
7
9
18
7
9
18
7
5
19
17
5
19
17
5
19
17
5
6
17
5
19
8
5
11
3
13
11
3
13
4
3
13
4
3
13
1
11
8
6
12
18
7
12
18
7
12
18
7
19
3
7
14
1
7
16
12
7
18
9
1
15
2
9
15
2
11
7
6
5
17
6
1
15
9
2
15
6
11
7
18
12
7
16
12
7
1
14
3
7
14
3
0
13
11
0
10
2
4
5
8
16
12
7
16
12
7
2
9
15
2
9
15
2
4
1
13
4
3
8
12
16
7
2
9
15
2
9
15
0
4
10
2
4
16
1
7
18
9
5
18
7
9
18
7
12
18
19
12
8
16
12
8
16
1
12
3
8
12
16
2
0
10
2
4
15
2
9
15
2
9
15
1
0
14
7
3
14
7
3
14
7
0
9
15
2
9
15
1
4
10
0
4
10
0
11
10
0
1
17
6
5
18
9
7
18
12
7
6
18
4
6
18
7
9
18
7
12
18
6
5
17
19
0
8
16
1
4
13
3
4
13
