474
28.4636
16
19
3
7
10
0
7
1
18
7
0
10
7
4
10
7
0
19
16
17
2
14
12
2
14
0
3
8
11
4
8
11
17
8
9
0
15
10
3
7
1
18
15
1
18
7
1
18
5
3
14
2
12
16
19
0
7
11
2
15
9
19
7
17
18
7
5
19
3
16
19
12
6
8
1
6
15
4
19
16
17
2
14
4
12
10
15
4
11
8
5
11
8
17
6
13
4
17
18
15
3
19
16
0
19
4
7
10
12
4
14
2
0
16
19
5
4
18
15
1
18
15
1
18
15
1
18
12
7
18
1
15
9
19
0
16
19
4
7
10
5
4
14
2
17
14
2
17
14
2
17
14
12
5
13
6
3
19
9
15
1
18
4
15
19
3
6
13
3
6
19
7
9
2
17
16
19
3
4
10
15
12
18
7
17
10
7
4
10
12
7
19
6
7
19
17
6
1
15
18
1
15
18
1
3
8
9
1
12
8
11
3
8
11
4
8
11
0
8
1
9
8
5
9
19
7
6
0
13
6
3
13
0
9
1
8
6
1
8
5
11
8
5
6
13
12
5
8
11
5
7
10
3
4
13
0
6
7
19
6
0
19
16
0
19
15
9
1
12
8
9
0
19
16
5
2
16
0
19
16
5
2
14
5
4
8
11
5
7
10
3
7
10
0
15
2
11
15
2
12
16
2
1
15
18
1
17
6
8
17
11
8
5
6
13
0
6
19
15
3
11
15
0
19
16
12
17
16
19
0
16
19
12
16
2
1
16
12
19
6
3
19
15
12
11
15
4
19
7
17
11
15
2
17
14
5
4
13
6
5
8
11
0
8
9
3
19
3
6
13
3
0
14
2
12
6
13
5
12
8
11
3
8
6
5
19
6
4
2
14
12
2
16
1
2
12
14
2
0
6
13
3
5
14
12
4
14
2
4
14
2
17
16
19
0
15
9
19
0
15
1
18
15
12
19
16
17
2
14
12
17
14
2
12
14
2
17
16
3
1
18
7
12
1
18
7
1
18
15
5
18
1
4
7
9
0
13
6
4
1
8
9
1
8
6
17
13
4
3
14
2
0
9
13
