476
16.0077
12
16
0
8
10
1
13
18
0
2
18
13
5
18
2
15
12
1
16
6
15
9
11
5
9
11
17
16
6
7
16
15
12
10
1
3
12
10
15
5
18
13
1
14
6
9
17
1
9
1
5
18
13
2
18
2
13
18
5
15
7
18
14
5
12
4
17
8
0
16
11
13
4
3
12
4
15
6
14
9
1
11
9
3
17
7
2
16
12
15
10
7
3
14
18
7
2
16
11
13
16
11
7
16
17
8
4
2
12
4
3
8
0
16
0
8
4
15
12
4
5
13
18
17
1
0
8
16
15
11
1
14
18
13
5
11
9
14
1
9
11
17
3
10
3
11
16
13
5
10
8
14
16
11
1
16
8
17
1
7
16
3
1
12
4
17
8
5
5
16
8
0
4
8
17
2
9
2
14
8
10
5
8
16
0
12
10
15
6
9
15
6
9
5
2
18
17
7
18
5
13
6
14
9
11
3
4
8
14
1
16
5
8
16
5
2
9
15
11
9
1
17
18
2
1
9
15
11
13
10
3
8
10
15
7
18
3
7
18
2
15
9
11
15
10
8
14
4
12
2
16
8
5
2
16
8
3
10
2
17
8
14
4
7
11
16
15
12
10
5
8
14
4
13
11
15
9
11
1
9
6
15
9
11
15
5
19
17
2
13
10
3
8
10
15
5
12
16
5
12
10
3
8
4
15
5
18
13
5
18
7
14
3
11
9
2
14
8
10
0
8
10
3
7
18
14
2
10
17
8
16
1
7
18
17
3
7
11
15
16
8
5
4
8
17
4
15
2
9
14
6
13
2
18
14
7
15
10
13
6
16
1
12
3
10
8
0
10
12
1
17
18
7
3
6
9
17
11
16
0
12
2
16
8
0
10
8
14
2
6
9
15
11
9
2
3
18
2
0
18
2
15
9
5
6
15
9
6
15
10
3
8
10
0
8
0
10
8
14
16
7
6
14
3
9
2
0
18
14
7
18
2
15
9
1
14
5
12
0
16
13
6
16
7
14
18
7
3
0
12
10
3
6
9
0
17
18
2
15
2
18
13
5
18
7
5
18
13
2
16
6
15
9
6
1
9
