474
17.3844
9
2
0
6
15
19
5
18
5
1
9
0
2
11
4
8
7
4
8
17
4
2
11
4
8
14
17
4
2
11
4
2
17
4
16
0
11
4
2
14
3
17
4
10
7
17
2
0
11
4
10
0
9
2
5
12
7
2
12
14
8
17
4
8
11
13
2
17
14
2
12
14
2
12
5
2
9
1
5
16
9
1
10
4
11
8
13
14
17
13
7
8
17
1
15
6
5
0
18
5
3
9
19
2
4
6
1
15
3
1
9
16
5
12
5
16
9
1
5
2
9
19
16
4
7
6
4
7
5
6
15
1
1
15
6
19
2
11
4
8
14
6
1
15
0
1
15
19
6
13
16
11
13
2
19
9
16
3
11
8
4
17
3
15
6
0
15
6
19
2
11
13
3
5
18
5
1
15
6
5
4
16
11
0
13
11
8
13
6
7
8
13
17
7
8
12
7
10
12
7
10
3
9
16
5
1
18
19
0
12
7
8
17
14
2
13
14
8
4
14
17
8
7
17
13
16
14
12
5
16
9
1
0
15
6
5
7
10
12
7
10
13
11
8
13
17
0
15
3
17
4
10
6
19
15
6
5
4
11
2
5
6
15
1
17
13
16
3
0
18
0
1
9
2
3
6
15
0
17
4
8
11
13
2
11
4
2
11
1
2
14
12
8
7
13
2
11
13
10
19
9
16
3
9
0
5
18
5
1
15
19
3
16
11
4
2
7
17
19
15
1
17
4
14
6
2
7
12
2
7
12
16
3
9
0
16
9
19
16
17
7
5
12
10
3
9
16
0
9
8
3
6
15
19
1
7
10
3
9
19
10
13
11
19
3
15
6
19
15
6
1
4
11
2
13
14
10
12
7
10
1
9
16
5
7
4
8
11
4
10
3
9
8
0
7
6
4
14
10
12
5
16
9
1
10
14
12
5
16
9
1
0
15
19
1
15
0
5
6
7
13
2
11
4
2
17
4
19
11
16
5
12
16
14
12
2
1
14
12
10
3
9
0
1
18
0
1
9
16
0
9
8
5
7
17
13
7
17
13
19
11
4
10
14
12
8
7
13
17
1
15
19
0
18
