279
4.45897
19
16
3
19
16
3
12
8
3
14
13
0
2
17
15
2
16
19
1
5
19
1
9
10
2
8
12
1
8
10
1
8
12
2
18
10
5
18
7
9
0
4
16
19
3
9
7
15
5
12
0
9
7
18
5
7
15
5
10
18
16
3
19
14
16
19
3
9
11
4
10
9
11
10
5
18
14
4
8
3
10
16
15
2
17
15
1
10
8
14
12
8
3
12
8
14
6
17
15
1
5
19
1
16
19
3
9
0
14
17
18
3
12
8
14
7
8
1
12
8
4
7
11
9
6
19
16
2
18
7
5
11
12
6
8
12
3
18
5
12
0
9
7
11
3
16
19
6
9
7
18
3
9
7
18
3
13
4
11
17
4
0
13
4
11
4
13
6
15
5
12
3
8
10
2
18
16
7
0
9
7
18
2
17
18
3
16
19
3
3
8
1
1
8
4
10
11
9
6
19
16
4
0
13
1
0
4
13
11
6
17
1
11
17
6
15
13
2
0
12
16
0
6
13
0
1
17
15
6
9
0
12
5
15
7
9
0
14
17
15
6
16
19
2
9
10
18
2
9
10
14
8
12
6
15
17
6
15
17
4
11
9
10
0
9
14
0
10
9
11
10
4
8
12
6
8
12
1
8
