484
24.655
19
6
0
15
16
5
15
7
17
5
15
16
1
9
7
17
9
1
18
3
12
18
5
15
7
17
4
19
13
6
19
4
10
8
12
6
19
4
12
8
10
0
8
10
2
11
14
1
7
15
0
17
9
7
17
5
15
18
2
3
16
12
2
14
2
11
9
10
7
3
17
4
19
13
10
8
12
6
11
3
17
5
19
4
10
8
12
6
19
13
10
8
12
6
19
13
17
8
0
10
8
0
1
16
15
0
16
3
12
16
1
9
1
16
15
5
7
14
4
11
3
6
11
9
10
4
7
14
2
11
14
0
7
14
4
7
9
10
7
3
12
16
15
5
1
16
15
5
16
3
4
18
3
2
16
9
2
18
3
12
16
3
0
16
15
5
10
5
8
17
0
15
7
17
9
1
2
14
11
2
14
2
11
14
2
11
3
17
7
15
0
17
7
15
6
11
5
15
18
5
0
14
11
4
3
10
13
11
14
1
5
14
11
5
1
16
3
12
16
1
3
11
13
10
8
0
13
19
6
13
11
9
10
0
9
16
1
3
16
12
9
10
2
11
3
17
7
15
5
16
5
9
11
6
15
7
1
14
11
2
14
0
13
16
3
5
16
9
12
6
19
13
10
8
5
17
13
7
14
2
11
14
5
11
3
10
13
19
6
13
19
6
13
11
9
10
2
19
4
17
8
5
10
8
12
4
19
6
5
8
17
13
19
6
12
9
16
5
0
16
15
5
16
3
12
7
17
0
8
17
5
19
4
13
19
13
6
11
3
1
16
4
15
7
10
13
19
4
17
3
1
16
15
5
16
3
4
18
3
4
10
3
11
2
3
16
2
12
8
10
4
19
4
17
5
19
4
10
9
0
16
15
5
16
3
12
13
19
13
10
9
11
6
9
1
16
12
3
17
5
8
10
4
19
4
17
3
11
2
14
1
7
14
2
11
14
1
7
14
12
4
19
2
17
3
12
18
5
15
7
17
3
11
2
14
12
0
8
0
17
13
3
18
1
9
17
2
19
13
17
8
0
10
9
11
2
14
7
13
14
1
13
19
13
17
7
9
10
4
19
4
10
8
4
10
9
7
17
9
1
16
5
15
16
