475
15.5424
13
18
0
13
19
2
0
12
16
7
4
17
14
0
17
2
0
12
16
7
15
3
16
12
9
14
13
19
14
4
17
0
2
19
13
14
19
13
2
19
13
2
19
1
2
15
7
16
12
9
2
5
8
3
18
8
3
19
10
0
5
10
9
5
8
2
9
17
2
4
17
11
4
17
2
9
12
16
6
12
1
2
15
1
14
15
1
9
12
16
6
15
6
16
5
7
8
18
0
13
14
19
13
11
5
8
14
7
15
7
16
4
9
17
4
14
17
9
4
16
5
9
10
19
3
11
13
19
14
8
5
2
8
5
11
13
19
2
8
3
18
8
3
19
10
9
5
4
16
3
5
10
7
0
18
8
7
5
16
7
12
1
11
12
3
16
12
9
2
8
5
11
1
19
2
13
19
2
8
5
11
13
19
6
11
17
4
11
17
7
4
1
18
0
1
12
11
1
12
14
1
15
2
0
17
2
4
17
14
4
17
11
3
9
10
19
6
16
12
9
1
18
6
8
18
0
13
18
0
13
18
0
4
17
11
4
17
11
4
17
11
4
19
1
14
4
17
14
4
19
14
8
5
0
14
17
4
2
17
9
14
19
6
8
18
6
8
18
0
1
19
14
13
19
2
8
5
11
1
15
7
0
10
5
0
10
19
3
8
5
2
0
17
4
11
17
9
4
18
0
13
18
3
8
14
19
13
9
5
8
2
19
13
0
18
0
1
15
2
1
15
14
9
12
16
7
15
1
9
12
1
11
12
1
11
12
1
14
15
1
6
18
8
6
18
8
7
5
16
7
15
14
1
12
14
7
8
18
0
1
18
4
9
17
11
6
8
18
3
1
15
3
16
12
7
16
12
7
16
3
19
13
11
5
8
14
19
13
0
18
8
3
18
0
13
18
3
8
18
3
8
18
3
8
18
0
7
17
11
4
17
11
7
12
16
7
15
3
16
12
7
16
7
12
16
7
5
13
0
18
8
7
14
8
5
0
10
19
3
11
17
4
11
17
9
14
19
13
11
7
12
16
6
15
1
2
19
13
2
19
6
8
18
6
3
16
12
9
14
8
5
9
4
17
11
