487
16.5964
17
19
7
11
4
18
16
14
18
7
5
15
16
14
1
17
16
3
15
7
14
18
9
0
18
7
11
15
7
6
1
9
14
15
5
13
12
6
6
12
6
2
10
0
13
16
4
18
0
5
10
3
6
17
0
9
14
15
9
14
1
9
17
18
7
3
18
8
2
11
12
2
11
10
13
14
12
13
14
12
13
14
12
13
0
15
16
3
17
7
11
3
15
9
5
15
7
11
15
7
14
15
9
3
18
4
9
18
4
13
1
17
13
0
8
1
14
6
18
16
4
14
19
9
4
1
9
11
1
8
5
19
17
7
19
5
8
5
11
12
6
14
15
16
14
2
12
11
6
12
11
5
19
8
2
3
12
11
13
12
13
14
12
13
3
17
18
2
8
1
13
8
0
1
8
0
19
17
7
14
15
9
0
15
2
9
15
2
13
12
0
6
19
16
2
14
8
19
5
9
4
19
11
7
15
0
16
15
14
6
12
3
2
10
6
0
8
1
3
2
10
11
6
12
2
13
8
1
6
4
19
7
17
1
11
3
4
13
16
4
18
7
5
15
0
9
2
18
8
3
18
14
9
4
19
16
4
1
16
17
3
1
17
11
1
8
2
19
4
16
1
4
16
18
5
8
1
13
8
1
11
4
16
19
4
9
14
11
10
0
0
10
3
6
12
14
13
19
16
4
1
11
6
12
0
3
10
6
2
10
2
6
18
4
16
0
18
4
16
6
3
12
6
6
12
13
14
10
6
0
2
15
16
5
15
14
9
17
1
16
14
15
7
13
1
8
11
1
8
14
19
8
5
11
12
6
0
12
13
11
12
13
14
16
15
3
11
12
5
11
12
6
11
12
6
14
12
6
6
10
14
5
15
9
6
5
12
11
3
15
16
14
18
4
7
19
17
7
14
19
8
3
1
8
3
19
4
9
18
4
7
19
17
16
14
2
10
2
13
17
1
9
5
17
9
5
4
18
16
4
18
7
17
18
3
7
18
17
9
1
2
17
9
1
4
7
11
15
3
7
4
19
11
8
2
1
17
16
1
17
7
6
18
7
5
19
8
3
19
7
17
1
7
17
18
7
17
1
9
17
14
6
12
11
13
12
11
