478
8.28541
12
8
6
10
13
3
10
13
3
10
13
3
0
18
3
16
5
3
10
13
3
10
13
3
0
13
6
15
11
5
17
16
5
3
11
5
3
16
18
3
2
11
5
17
16
18
3
0
13
15
0
13
15
0
18
17
16
4
5
15
11
5
7
14
13
6
14
1
18
17
16
4
19
16
4
15
5
11
17
7
13
14
2
13
14
7
18
16
15
4
16
2
7
13
14
6
1
12
3
1
12
7
19
16
6
19
11
6
19
12
1
19
12
2
8
12
7
8
2
12
1
19
2
10
3
13
10
6
8
10
7
15
13
10
15
18
0
1
17
18
16
15
5
11
3
5
16
4
17
16
18
3
0
5
4
14
1
4
10
8
4
10
8
4
0
15
1
4
6
14
18
6
0
9
6
6
8
12
7
19
11
7
17
16
5
3
11
5
15
11
5
3
16
18
2
10
19
1
0
18
3
16
18
3
16
5
17
11
7
5
14
1
4
5
16
2
18
14
6
4
6
8
12
7
8
12
2
8
12
7
8
12
2
19
4
16
19
7
12
19
1
6
14
13
7
6
7
8
10
4
19
16
4
6
19
11
7
19
11
2
17
16
4
19
7
11
17
5
16
15
18
0
1
18
14
1
7
12
8
6
0
9
6
0
9
7
10
18
3
16
6
19
11
2
19
11
6
19
0
6
18
14
1
18
3
16
18
17
0
13
6
14
6
13
14
2
5
17
11
5
17
16
4
17
16
18
7
14
4
1
3
18
10
1
17
12
1
3
10
13
17
10
13
17
2
16
18
15
0
13
17
10
13
15
10
13
2
14
13
2
14
13
7
0
17
18
16
3
18
16
17
2
13
14
2
13
0
3
4
10
8
4
0
15
13
0
3
13
0
3
13
0
17
13
0
17
13
0
3
13
0
2
8
4
10
8
6
12
8
6
12
8
6
12
19
7
11
19
2
11
5
17
7
11
19
6
12
19
1
12
19
1
0
19
1
10
18
3
7
11
2
19
12
1
15
5
11
15
5
11
3
6
16
5
3
12
1
19
12
1
15
10
1
18
14
2
4
8
0
6
5
11
15
6
11
5
3
11
