475
3.82752
10
3
3
4
1
17
15
1
8
18
3
19
18
16
5
12
13
5
12
1
15
17
1
15
9
0
14
3
17
13
7
17
13
7
5
16
18
8
1
15
7
5
4
2
6
6
18
16
5
2
13
8
6
11
19
12
15
19
2
14
5
3
2
13
0
0
13
5
3
13
0
19
1
18
19
16
15
9
3
11
17
0
15
5
12
15
19
3
11
9
3
11
12
5
11
12
8
11
2
5
11
0
17
13
7
17
1
7
0
10
6
3
14
8
2
11
3
17
14
6
9
3
11
8
3
16
2
15
1
2
8
11
2
8
4
2
1
15
17
1
4
19
2
13
5
2
15
3
9
4
16
19
4
7
17
11
0
9
15
1
19
3
13
8
12
11
8
12
13
5
2
13
19
12
4
19
12
13
8
2
16
15
2
5
13
6
9
16
15
19
7
11
19
2
14
5
3
14
7
9
15
16
5
12
1
5
18
1
7
17
6
14
3
9
14
0
2
1
5
12
11
6
9
7
4
9
0
14
0
9
14
6
17
13
0
5
14
3
9
4
1
8
18
16
5
15
1
17
3
14
2
3
11
2
3
3
13
8
12
4
16
19
18
16
5
4
16
9
3
15
9
16
4
12
8
11
12
19
7
13
17
6
16
2
5
16
18
8
1
2
8
15
2
8
11
2
8
11
12
8
11
12
8
11
2
5
11
12
5
11
12
8
11
12
19
14
12
5
14
3
2
5
14
6
17
16
4
9
6
15
12
6
13
9
3
11
5
2
13
6
17
14
0
7
10
6
7
11
9
6
13
17
7
1
17
15
3
17
15
1
17
15
1
5
12
13
5
0
18
5
6
4
9
1
15
9
16
7
18
1
3
4
19
1
12
19
14
6
9
7
14
9
7
14
9
7
4
12
16
4
12
5
11
2
5
14
3
17
11
7
17
13
0
9
16
4
2
8
13
7
9
14
0
8
13
12
5
14
12
3
1
17
15
1
19
18
1
5
18
1
3
18
1
19
15
12
19
14
0
5
1
18
19
1
18
5
1
18
19
7
18
1
6
17
14
3
2
16
8
18
16
3
18
16
6
