476
19.1577
14
11
3
1
11
0
1
3
11
14
3
12
8
10
2
14
6
17
1
0
9
8
6
9
8
10
2
16
6
9
16
0
9
4
13
2
19
13
2
15
8
9
6
5
19
13
12
5
16
9
10
16
9
5
10
16
9
5
0
11
1
3
11
14
0
2
16
15
2
8
0
15
11
1
7
19
18
5
7
18
19
5
14
2
4
14
12
10
8
2
10
19
14
6
2
8
0
2
10
16
12
6
16
12
10
16
12
5
8
10
12
8
15
2
13
19
2
10
16
9
5
14
2
19
1
9
19
6
15
8
12
0
8
9
6
16
2
10
16
12
10
8
12
6
8
0
12
13
4
2
13
7
17
1
0
11
7
15
16
9
7
14
11
7
0
6
16
3
5
13
17
0
6
16
9
10
16
7
9
8
0
9
8
5
9
8
0
5
17
7
1
17
7
1
17
15
13
4
2
13
15
17
1
7
17
0
3
11
1
0
11
1
7
5
18
19
0
1
2
19
14
6
17
7
13
17
5
13
2
19
7
18
0
4
14
3
11
1
3
17
13
5
9
1
0
11
7
1
17
10
1
12
4
13
9
5
16
6
7
9
16
10
15
16
0
5
13
2
19
13
2
19
7
18
7
19
13
7
12
8
0
9
16
15
5
13
7
17
14
6
12
16
10
12
8
6
15
16
9
0
16
6
12
16
10
12
16
6
9
16
10
2
8
0
5
13
19
2
13
4
9
13
4
3
13
0
4
18
7
19
5
18
19
7
18
7
19
14
6
15
8
12
3
14
17
3
13
5
19
18
3
15
16
2
10
1
17
3
15
16
10
12
16
5
10
16
9
0
1
11
7
1
11
0
1
11
3
15
16
9
10
16
12
6
16
12
5
8
3
9
19
14
2
6
14
17
7
0
16
9
15
8
0
3
11
0
1
11
3
14
7
17
13
7
19
2
13
19
2
0
1
11
3
15
16
10
9
1
5
17
13
7
19
1
2
15
19
18
7
5
13
17
7
13
2
19
13
3
2
8
10
9
4
13
3
17
6
15
8
15
6
17
3
14
19
2
13
4
15
9
8
6
0
8
9
10
