475
15.2814
8
7
0
8
0
5
19
1
0
8
7
5
2
19
1
13
9
17
0
9
0
17
12
3
4
18
14
4
13
9
1
17
9
5
13
9
13
11
12
5
1
8
7
13
5
19
2
6
7
8
0
7
14
2
16
10
15
16
13
15
19
5
2
19
5
1
18
4
14
18
17
3
12
17
1
9
13
0
8
7
13
0
8
7
6
2
16
10
15
7
4
14
18
4
14
0
12
4
13
9
17
0
9
5
11
9
13
11
18
10
4
12
0
17
9
13
1
8
7
13
4
12
14
11
18
14
11
18
3
11
12
3
4
12
10
11
18
3
17
18
1
0
15
19
0
6
9
13
5
12
11
10
18
11
10
7
15
10
16
15
10
16
2
5
19
15
13
0
9
4
5
7
8
0
7
8
1
5
19
15
1
19
15
13
19
15
6
7
11
3
12
11
14
18
17
0
9
4
5
9
4
13
7
8
0
7
8
1
6
18
6
4
18
1
10
12
17
3
18
17
3
12
17
3
18
4
0
9
0
6
18
17
3
15
16
10
15
16
10
2
11
10
18
4
14
18
4
14
12
17
1
12
10
11
12
10
11
5
18
13
5
19
2
6
19
2
5
19
2
6
16
15
3
16
15
10
4
18
10
5
16
15
10
16
2
10
16
15
3
16
15
3
17
18
10
4
18
10
4
12
6
0
19
2
5
10
16
2
6
19
15
6
19
15
0
19
15
0
17
9
5
1
12
4
10
18
6
0
8
0
7
8
0
7
8
1
6
9
6
11
9
5
11
12
6
1
19
15
6
16
15
10
4
7
10
2
16
14
2
7
10
15
16
6
5
12
17
3
12
17
1
9
4
6
2
16
14
2
16
14
2
7
17
1
9
4
6
9
1
17
9
5
6
9
11
5
9
11
5
9
11
13
12
3
4
12
10
11
6
9
5
13
19
15
6
19
6
15
19
6
0
8
7
1
8
7
6
2
14
16
2
3
16
2
3
16
2
3
16
2
6
19
6
2
16
14
1
18
17
3
12
4
6
15
16
10
2
16
3
15
7
17
3
12
4
14
18
5
11
12
14
4
13
9
4
