471
6.88145
10
3
7
14
7
11
10
7
6
10
9
6
10
0
19
17
7
11
18
5
2
9
1
5
11
18
5
19
1
5
19
7
18
19
7
17
7
19
18
5
4
16
1
0
8
14
1
9
14
1
11
14
1
4
14
18
8
6
7
15
16
7
4
17
16
8
10
7
9
13
5
9
2
10
9
2
17
9
2
13
11
5
16
8
17
0
11
13
5
9
13
5
8
13
12
0
18
5
19
18
5
8
13
12
2
13
8
7
10
6
8
17
16
9
1
14
11
1
14
4
3
17
16
8
5
18
3
16
10
3
6
10
2
11
5
13
0
11
17
16
7
15
6
7
18
11
2
5
3
16
10
4
3
2
14
3
18
5
2
11
13
12
0
9
12
16
11
7
13
8
5
13
11
12
2
9
17
16
11
1
14
9
2
17
8
7
14
1
11
14
7
9
10
6
11
10
6
3
17
4
16
1
8
14
1
3
14
1
8
14
1
8
0
10
2
9
14
7
8
10
0
3
14
4
18
14
3
4
5
18
19
0
17
8
0
5
9
1
14
4
2
13
8
0
10
3
4
10
2
4
2
17
6
11
10
6
9
17
16
9
17
16
2
15
0
7
14
18
4
5
13
9
12
16
0
17
11
2
17
19
0
1
14
8
7
10
4
3
14
7
11
13
12
0
3
16
10
4
16
17
7
19
18
12
9
1
14
9
2
17
16
9
17
2
19
18
7
5
13
9
12
18
4
14
7
0
19
12
1
19
0
5
13
9
5
13
7
9
1
14
3
18
5
19
0
10
8
7
0
10
6
8
10
6
9
17
7
16
10
4
3
10
16
8
7
17
8
16
17
11
0
13
5
11
6
17
9
16
17
8
0
14
1
9
12
13
8
12
1
9
6
12
8
1
14
3
1
14
3
18
14
3
18
5
19
18
5
9
18
12
4
13
5
8
13
0
8
14
2
9
13
12
9
18
5
19
0
5
11
16
12
7
9
10
2
19
17
0
11
13
5
11
13
12
4
16
18
5
9
7
2
14
18
4
5
18
11
5
16
1
12
19
1
5
19
18
7
0
19
18
5
