300
0.0010367
22
15
14
6
13
23
18
1
13
22
15
14
6
21
3
24
6
5
24
0
1
24
4
2
23
6
0
11
9
10
9
2
5
5
18
10
22
3
24
9
11
1
9
20
4
5
1
19
1
12
9
1
12
15
2
19
21
3
23
5
13
10
9
20
17
1
2
23
24
0
3
13
16
10
15
3
0
21
2
8
23
18
2
16
5
15
3
11
19
9
12
7
19
13
19
0
17
15
21
11
19
18
5
12
11
10
21
4
5
17
7
12
7
8
19
12
21
22
7
2
10
0
16
4
10
2
21
0
6
9
9
3
10
5
5
12
20
0
7
18
19
4
5
21
12
3
8
13
21
16
7
6
22
14
0
21
16
13
21
13
2
7
14
6
24
18
23
6
8
16
12
18
0
22
12
13
11
4
20
16
17
9
13
11
20
8
4
16
7
21
14
6
2
10
24
17
2
6
3
15
8
7
2
3
23
17
18
13
8
19
14
13
6
9
11
14
18
3
10
15
13
4
3
19
18
22
6
7
2
22
4
15
3
22
3
20
20
16
5
2
23
9
20
5
15
14
23
3
15
3
5
23
17
20
5
22
14
6
7
20
4
23
2
16
3
20
2
14
14
7
2
3
14
7
24
6
17
24
7
2
16
14
6
17
6
22
5
2
6
14
7
17
6
24
14
16
6
24
24
24
