300
0.000957656
7
16
23
20
13
0
2
19
6
16
11
18
5
19
23
8
12
6
7
18
17
20
21
6
9
12
5
14
16
10
23
5
2
3
6
15
23
0
14
6
3
23
0
8
20
19
5
3
9
23
15
4
16
5
24
22
4
9
2
4
7
15
4
5
22
8
20
15
9
2
16
12
9
10
7
20
22
0
11
13
21
4
11
5
2
20
13
21
17
11
17
16
21
22
21
14
18
16
14
9
16
18
15
10
1
18
16
15
10
1
16
16
16
10
1
16
18
16
10
1
16
15
14
10
1
19
18
16
10
13
19
18
16
10
9
19
18
15
10
1
16
12
10
9
8
15
10
1
16
10
15
14
9
24
19
14
20
6
13
12
16
24
19
1
18
11
19
4
3
0
24
19
2
24
17
18
1
6
4
3
22
17
19
8
0
24
13
0
21
18
10
18
12
19
20
7
11
3
13
18
20
7
2
5
17
2
15
16
0
13
8
17
11
11
13
0
11
12
24
19
2
17
22
15
3
4
0
21
8
1
12
1
4
22
17
22
2
9
3
8
8
2
4
12
22
9
4
19
22
12
3
13
0
10
14
21
13
9
0
0
8
10
15
19
13
9
24
3
8
16
15
3
21
1
1
3
13
3
9
12
12
8
10
16
9
15
21
3
10
18
12
10
3
10
16
12
10
24
18
8
