286
5.27688
18
10
20
8
9
21
1
15
3
19
16
18
9
4
20
16
5
0
16
20
2
21
16
6
3
5
7
16
12
23
22
18
9
23
18
19
10
13
21
16
19
16
5
20
4
16
0
12
13
21
15
10
1
2
20
8
13
0
23
15
24
22
24
22
24
3
6
22
3
0
10
22
9
18
3
0
14
14
23
4
8
6
20
8
4
20
16
2
24
21
13
15
24
5
16
1
2
24
22
24
4
20
2
10
1
7
5
12
1
8
22
24
13
4
19
16
17
9
5
18
24
12
22
7
23
10
22
6
4
3
19
16
22
9
4
16
21
14
19
3
8
1
15
12
23
21
15
14
24
5
18
1
12
21
15
14
23
8
20
8
14
21
3
14
0
14
21
17
12
7
2
23
1
2
15
23
16
5
0
20
1
8
12
21
13
7
12
21
10
20
16
2
21
20
10
0
6
5
17
9
18
0
20
12
7
3
2
1
6
4
8
6
17
5
24
15
23
18
9
16
19
17
4
20
19
17
0
12
4
6
17
4
19
17
12
7
5
10
1
15
2
23
17
0
22
9
16
5
1
0
13
4
6
4
14
0
3
15
1
12
0
13
0
17
19
13
24
18
2
1
12
18
21
14
24
13
8
23
15
13
24
8
22
6
3
8
