479
26.6045
3
8
0
2
16
18
9
2
12
18
11
16
24
21
6
0
16
10
1
2
9
19
20
13
6
13
2
18
12
9
6
17
24
4
5
22
2
4
9
17
20
6
0
17
10
15
1
1
16
14
23
21
24
20
17
16
24
18
2
5
16
1
15
21
15
17
15
1
14
18
16
11
24
5
14
18
2
24
9
21
20
24
17
15
21
16
21
24
23
14
18
14
1
16
11
10
0
15
21
6
13
24
20
21
9
24
20
17
14
5
15
11
20
9
8
0
10
24
18
12
11
16
18
24
5
8
13
6
0
20
17
14
23
24
5
20
17
24
3
8
18
12
11
15
22
8
0
19
3
6
14
22
4
21
15
17
15
11
12
18
14
6
12
11
18
10
4
13
5
2
15
0
22
8
4
9
2
18
10
21
4
13
6
22
4
22
4
22
2
0
16
17
20
14
3
1
10
19
3
24
22
20
13
12
23
10
7
4
17
20
9
14
11
20
14
18
17
15
4
17
23
12
15
11
21
6
16
0
2
5
24
22
19
3
2
12
22
0
6
14
18
14
21
10
15
17
4
23
12
23
19
17
6
1
16
15
21
23
24
12
23
5
24
24
22
20
13
4
11
10
9
4
23
19
13
6
13
20
24
21
3
8
15
1
16
1
16
2
21
3
10
12
11
1
16
6
13
18
15
19
15
22
0
2
16
1
16
11
12
23
6
5
14
11
19
3
16
1
2
9
20
8
11
4
9
20
22
15
13
20
17
4
15
17
18
14
10
0
18
8
24
9
18
2
19
13
3
20
2
13
12
23
6
0
8
5
24
3
8
1
16
0
6
8
9
0
2
20
13
22
20
14
22
0
6
14
5
17
15
4
17
18
14
10
0
11
10
4
9
17
20
24
9
1
10
4
22
2
24
5
9
19
24
5
3
2
12
10
3
21
8
15
1
16
11
12
22
6
4
21
3
8
15
22
4
1
16
8
15
1
10
0
14
18
6
13
8
0
20
9
6
22
24
0
19
6
9
13
6
20
1
16
17
4
22
24
5
24
6
21
15
13
20
11
16
0
10
11
20
22
4
14
11
18
16
6
12
17
7
