492
21.472
4
9
24
20
8
23
5
8
20
1
19
2
11
7
3
13
3
7
6
5
22
5
9
18
22
14
23
9
24
22
12
9
13
19
11
1
1
22
14
18
21
1
10
8
12
9
23
10
12
8
1
15
23
3
5
17
4
21
18
14
2
22
24
20
5
17
19
13
12
14
22
7
1
11
3
13
7
20
11
0
4
15
21
12
18
17
15
6
5
18
15
17
12
21
18
15
1
11
5
11
4
20
2
19
5
17
18
14
23
20
14
13
5
20
22
24
2
19
3
23
1
16
8
20
4
2
14
8
4
18
9
6
18
2
16
15
12
23
14
21
4
5
22
14
13
6
24
19
1
8
12
17
23
14
7
3
24
6
13
16
12
15
3
2
23
16
10
5
5
22
6
24
5
9
10
22
0
24
9
10
23
0
16
3
15
4
0
8
20
7
18
6
19
2
18
14
17
12
20
8
12
13
15
3
13
12
15
11
1
24
6
16
12
13
19
9
13
3
24
6
1
10
0
16
23
14
4
14
13
11
5
20
6
5
16
13
3
4
21
24
14
22
12
13
14
10
2
18
19
21
24
2
10
3
7
8
12
17
20
24
1
11
10
0
10
2
16
18
20
0
15
13
3
18
21
15
2
18
19
21
18
1
8
3
4
2
9
11
24
4
9
21
18
8
23
9
3
14
4
2
8
3
1
23
15
19
0
20
24
22
9
18
2
19
15
2
18
14
22
9
12
13
16
3
13
12
10
11
2
24
3
20
24
13
21
19
12
13
16
20
0
22
18
15
12
6
5
17
4
19
2
3
2
15
19
0
23
9
8
4
3
13
21
19
5
23
15
6
18
14
23
9
12
17
12
19
2
9
23
19
5
15
2
19
23
14
1
22
12
21
24
16
4
6
5
8
4
20
1
8
19
13
3
5
21
4
17
12
16
1
22
8
12
13
9
10
12
8
22
1
18
9
8
3
13
4
9
8
3
7
22
12
8
1
10
24
6
24
6
10
5
22
0
20
7
16
23
14
6
18
1
22
16
2
18
9
11
7
14
23
14
23
9
24
22
5
10
0
9
18
17
22
5
1
19
11
2
24
20
10
5
2
11
10
5
1
8
10
6
5
24
15
