293
6.18679
16
5
13
20
19
14
5
6
17
18
16
13
1
20
12
24
17
10
5
24
17
14
18
16
19
13
4
0
7
8
10
5
6
16
24
12
2
3
22
5
20
5
6
2
3
14
21
6
3
14
2
19
11
15
23
17
10
3
2
7
4
17
10
24
15
19
14
8
15
24
0
22
18
22
16
3
2
11
21
14
19
2
10
1
12
24
10
1
12
24
2
3
12
22
23
11
12
24
16
14
3
6
16
4
17
11
21
2
24
12
19
14
2
3
6
15
23
11
22
18
0
13
19
14
2
19
14
17
23
13
12
24
0
13
23
10
7
3
2
14
19
13
0
4
16
11
1
10
16
24
17
18
15
6
1
10
12
23
1
14
12
8
21
13
12
24
0
13
23
12
24
10
7
4
20
7
3
4
2
17
4
17
2
3
20
7
18
16
13
8
10
0
1
22
18
0
14
19
13
16
18
22
12
1
4
6
15
8
15
20
1
11
16
4
17
14
8
15
23
12
22
3
2
4
19
12
6
4
16
19
22
20
21
8
1
10
10
1
2
21
11
6
5
0
24
14
0
3
22
18
16
11
21
6
18
15
2
1
11
12
23
7
6
5
20
13
19
14
20
4
7
12
23
11
7
5
20
22
3
2
12
24
13
0
18
16
22
5
6
0
4
9
22
