281
6.91646
10
19
17
13
7
15
2
6
9
7
15
11
4
7
17
3
12
4
0
17
19
12
0
2
19
12
17
0
4
11
6
16
4
11
18
17
8
16
19
2
17
8
19
9
0
6
1
9
14
10
15
18
11
13
6
17
4
0
1
17
4
16
1
15
18
16
12
2
1
14
12
17
7
2
19
15
9
7
2
14
15
10
4
14
3
17
7
3
12
2
16
6
2
12
16
1
14
3
10
9
19
3
10
15
4
14
4
15
12
16
1
13
1
17
10
3
18
11
10
17
1
9
0
4
17
8
16
3
19
4
2
16
1
12
14
2
6
0
4
9
3
7
8
17
13
7
18
3
11
12
18
16
3
18
5
17
9
7
2
14
1
12
13
0
6
9
11
7
6
15
13
18
0
19
9
1
16
8
17
19
0
18
15
4
17
13
1
7
9
2
6
16
1
9
8
17
7
13
2
1
14
10
9
15
18
7
2
9
6
19
2
15
9
7
4
15
14
10
9
1
14
10
15
4
3
18
13
10
3
1
9
10
17
1
2
13
6
16
5
13
1
17
19
0
12
2
6
16
1
13
8
17
19
0
4
15
12
14
7
2
18
15
19
17
1
16
18
15
12
2
7
14
12
2
6
0
19
9
15
7
5
