283
5.19897
11
15
16
5
19
4
2
5
8
14
19
2
4
15
1
18
2
18
14
17
4
12
7
1
18
0
8
14
18
19
14
8
6
2
19
14
8
5
17
7
14
8
19
10
4
6
7
3
12
0
14
11
4
15
2
3
5
18
12
8
3
18
6
12
7
8
3
9
0
13
15
6
11
16
18
12
1
18
16
18
14
17
6
2
9
11
6
2
15
11
18
13
12
1
0
18
7
1
12
0
7
3
5
12
16
9
19
14
9
14
17
2
9
6
11
16
0
5
19
4
8
10
19
9
14
2
19
5
2
6
17
9
14
0
1
8
7
18
1
12
4
2
11
5
12
13
17
18
14
15
4
3
4
15
2
3
9
6
16
10
19
9
6
16
3
15
18
14
19
16
18
12
13
1
0
9
10
3
4
12
7
0
1
18
13
6
17
12
7
4
11
15
6
2
3
18
12
7
3
8
5
14
16
9
17
14
5
2
19
8
6
7
0
11
6
15
13
0
19
14
12
18
8
3
7
12
6
11
0
13
15
3
4
15
18
16
6
11
15
13
0
19
14
13
15
0
11
7
6
12
16
11
18
6
2
19
8
6
13
19
16
12
6
7
3
8
0
7
3
6
12
7
17
13
6
7
12
8
3
4
14
15
17
