297
6.36204
14
10
2
4
18
13
12
19
0
6
7
1
9
19
13
15
6
11
4
2
8
10
12
9
13
18
4
11
2
6
13
19
12
11
9
4
11
18
0
12
11
19
9
13
3
19
2
13
6
4
11
2
18
5
14
2
10
7
6
5
14
0
10
7
6
5
14
2
10
4
16
1
12
19
13
3
9
19
7
1
9
7
19
9
1
7
19
9
10
15
19
13
6
15
11
17
3
16
10
2
18
7
6
17
1
16
3
5
8
15
10
16
12
10
8
9
15
11
6
0
4
1
8
9
5
8
3
2
13
19
6
7
9
1
16
3
5
16
3
1
9
12
11
17
3
13
18
4
16
1
3
16
5
3
16
1
4
8
0
6
13
19
15
10
0
14
17
6
7
1
9
14
5
0
14
10
17
12
10
8
4
0
13
18
15
10
17
8
0
10
16
4
1
0
14
17
1
7
18
5
8
15
10
16
3
5
8
15
10
16
4
1
8
12
17
11
18
0
7
1
19
9
7
1
18
7
5
18
8
15
5
8
12
10
16
4
1
8
12
17
10
7
18
5
18
7
6
9
14
5
18
15
8
5
3
16
18
4
11
2
18
9
11
4
18
13
6
15
10
16
17
6
11
2
4
11
6
15
16
10
19
15
13
6
4
11
0
12
10
18
16
4
18
10
7
17
1
