477
24.9245
9
3
2
15
12
12
15
2
12
15
12
2
14
3
18
15
5
12
15
18
17
13
8
3
5
6
11
14
3
9
14
2
12
15
17
18
19
13
17
11
13
12
17
15
18
5
7
8
16
7
10
5
16
3
13
19
11
0
10
5
4
3
10
2
1
7
2
6
4
0
19
13
16
19
7
16
10
5
0
14
6
1
13
19
16
7
18
19
4
0
10
1
14
0
10
17
14
9
2
7
16
17
14
9
2
3
15
12
2
12
15
2
3
4
5
6
7
16
8
7
5
6
4
5
3
18
16
19
7
16
8
7
5
6
4
17
18
7
2
16
3
19
13
11
0
19
4
18
19
0
4
8
0
4
8
3
5
15
18
12
15
2
3
4
5
6
1
13
19
11
7
6
5
4
5
6
7
16
19
18
7
16
5
6
7
11
17
13
0
8
11
12
5
4
6
3
4
5
10
7
16
5
13
17
10
4
0
19
13
11
19
3
13
11
17
13
12
16
5
6
7
11
17
10
13
5
11
6
17
1
13
18
1
17
6
13
1
8
0
16
7
2
12
15
17
18
4
19
3
14
18
19
0
4
8
0
7
8
16
7
6
5
4
0
8
17
13
11
0
19
14
16
5
7
16
8
12
17
13
8
3
14
1
6
5
13
17
10
17
4
10
5
18
1
6
17
13
11
19
0
14
11
0
10
14
1
0
14
11
5
6
13
17
1
13
6
5
4
10
3
14
1
10
0
4
5
6
7
16
5
10
1
13
17
11
13
3
1
8
13
17
10
17
13
8
0
14
1
10
0
11
8
7
17
10
4
0
2
12
15
12
2
3
11
0
14
8
0
14
5
10
7
16
19
13
3
11
17
13
19
11
3
14
6
1
5
13
16
19
3
13
11
17
12
15
18
2
12
15
17
18
1
13
19
16
3
10
5
4
3
6
1
14
18
3
14
1
6
7
11
8
0
3
4
2
12
15
12
2
15
12
0
4
2
12
15
12
2
15
12
3
4
8
0
18
11
17
10
0
4
5
6
7
2
1
6
7
11
5
6
3
4
5
18
17
15
12
18
19
4
3
6
4
5
18
3
15
