300
0.000340016
6
24
6
22
19
11
19
6
15
19
18
8
11
8
6
0
5
21
14
19
21
3
14
12
16
15
22
4
5
11
14
13
10
21
19
10
9
5
19
2
15
12
12
5
23
22
18
18
18
22
4
16
2
3
11
18
6
1
13
23
20
6
10
18
4
19
20
24
7
4
18
1
8
18
20
9
11
17
4
19
12
20
18
24
3
11
0
8
22
19
6
8
1
15
15
21
15
13
0
11
14
4
16
15
5
10
6
8
4
13
11
3
1
3
11
3
15
20
15
3
20
9
14
22
12
11
1
18
20
22
0
13
12
4
12
14
5
6
15
1
3
0
7
0
22
19
9
15
7
20
19
11
9
11
3
0
14
24
0
0
14
19
19
5
10
7
10
1
9
3
12
20
22
18
19
4
10
24
13
20
10
14
22
13
14
11
0
9
1
5
14
20
9
19
7
14
1
16
20
19
19
18
15
14
3
19
5
15
9
24
12
4
10
9
7
14
10
10
9
5
0
9
14
18
1
5
14
1
18
1
14
22
1
19
16
19
7
1
18
14
9
18
16
19
16
15
16
14
15
15
22
15
3
14
19
14
19
5
14
7
1
5
1
1
19
1
5
5
12
12
1
5
19
12
19
3
1
12
3
3
5
5
15
15
5
15
3
5
3
5
3
5
3
5
3
5
5
5
3
3
