480
28.8869
19
2
22
16
20
16
22
12
13
24
3
1
5
21
5
19
2
19
5
3
1
8
24
3
1
11
0
4
24
11
20
11
13
7
15
9
2
4
24
11
10
5
17
6
17
13
14
5
19
5
17
6
9
13
17
5
8
0
16
24
8
0
16
15
7
15
9
13
14
13
17
15
14
5
16
10
11
22
12
13
17
6
9
13
7
15
9
13
11
10
11
13
0
5
19
2
19
5
19
5
23
24
16
22
12
15
24
3
1
15
7
15
16
20
5
19
2
19
5
12
24
4
1
12
22
16
24
11
20
16
13
12
1
8
24
3
1
16
20
16
22
2
19
5
10
11
5
19
5
10
11
22
16
10
5
18
5
10
16
15
7
15
17
6
1
4
0
4
1
12
13
16
20
11
24
23
24
8
0
4
24
12
22
11
10
16
1
8
0
4
24
23
1
8
24
3
1
4
0
4
1
13
14
15
17
15
7
5
19
2
8
24
23
24
8
0
4
24
12
15
17
15
7
15
9
13
7
15
11
10
16
22
12
22
16
10
11
22
16
6
24
8
0
13
9
13
14
13
9
6
17
5
21
5
19
2
22
16
20
16
22
2
19
5
19
2
19
5
14
13
11
10
11
22
16
20
16
13
9
2
19
5
17
15
7
13
9
2
19
5
3
1
15
7
15
17
6
17
15
16
2
4
1
12
24
13
9
6
17
13
14
15
17
6
17
15
11
10
11
13
12
15
24
3
5
18
5
7
13
9
6
17
15
7
15
11
10
5
19
2
19
5
17
2
19
5
10
11
1
4
1
16
0
8
24
3
5
18
2
17
13
12
13
1
3
1
13
12
1
4
0
4
1
12
13
16
22
12
22
16
10
16
22
12
22
16
10
5
18
5
10
16
15
0
16
1
3
1
8
24
23
24
8
0
16
22
16
20
5
19
2
19
5
14
13
16
20
11
15
17
13
0
4
1
15
17
13
12
15
17
6
17
15
0
4
5
7
15
9
13
0
4
5
7
15
1
3
5
19
2
8
24
23
24
11
10
16
22
12
13
17
2
18
5
3
24
4
1
8
0
4
24
3
1
8
24
23
24
11
20
