288
4.72897
10
7
15
6
15
0
10
9
23
0
16
24
23
24
15
12
11
4
8
0
13
10
6
8
0
15
1
2
19
21
12
15
24
23
9
2
0
8
14
8
0
21
1
21
19
15
4
5
0
15
17
21
7
21
6
21
7
24
15
4
16
9
15
9
21
6
11
0
5
4
15
24
2
24
23
0
8
0
9
23
0
5
13
10
6
13
11
0
3
9
16
13
22
19
15
24
2
12
1
16
24
16
14
15
0
5
1
16
12
15
19
1
2
0
15
17
16
9
16
13
3
7
15
7
22
13
11
12
3
9
2
9
3
13
19
2
24
14
16
24
15
13
23
9
19
15
12
22
24
11
0
21
14
5
24
12
3
13
10
7
21
14
15
19
8
0
6
15
7
8
6
2
13
24
7
3
13
12
11
4
15
7
2
24
22
0
11
13
16
4
5
19
13
15
6
10
9
2
13
3
0
8
24
3
12
21
19
21
6
15
19
5
4
2
0
8
9
22
0
15
13
22
19
9
16
6
15
19
9
3
13
15
24
10
6
15
12
16
24
10
4
16
0
11
6
16
24
21
17
21
0
11
6
11
0
15
1
15
19
2
4
10
0
11
6
15
7
15
9
23
13
24
21
9
3
0
11
13
3
9
16
24
3
13
5
0
23
19
