300
0
1
5
3
24
3
0
17
6
9
24
13
2
23
22
0
8
23
15
16
17
19
20
3
0
18
8
17
10
12
22
2
5
7
3
8
10
11
3
1
20
13
4
1
5
13
5
5
3
10
18
7
2
4
13
3
15
4
21
1
13
10
4
6
5
11
6
16
6
6
17
17
15
13
10
1
3
15
24
7
18
17
20
21
13
21
15
4
11
4
17
13
14
2
13
17
7
1
3
22
8
5
21
16
16
8
18
23
20
14
0
15
13
21
17
22
5
22
11
4
23
12
16
10
11
6
12
7
14
11
3
6
1
10
22
16
24
16
20
5
15
4
16
20
4
13
3
20
15
23
4
22
20
0
14
20
8
11
9
6
1
21
3
21
8
13
14
21
8
23
0
4
9
12
22
1
6
20
3
22
1
5
13
5
14
6
16
0
14
8
1
24
9
6
12
4
3
6
0
21
9
24
1
8
3
1
6
20
5
21
20
21
6
6
12
16
3
4
16
20
0
20
9
0
3
0
6
12
21
20
0
0
6
12
4
4
0
0
9
20
16
16
16
0
4
9
6
20
12
6
0
0
12
20
16
21
16
12
3
3
16
6
0
6
12
6
3
16
0
9
9
21
9
12
21
12
3
6
12
0
9
3
6
9
16
6
6
16
9
3
6
16
6
6
6
3
6
3
6
3
3
