293
3.77007
22
5
14
10
24
15
13
14
10
9
4
2
7
15
16
20
11
3
4
6
0
15
24
15
24
15
12
24
20
18
14
4
9
10
14
7
1
24
15
11
1
7
20
5
14
4
3
11
3
4
14
7
0
23
5
15
24
23
10
9
11
9
11
20
16
20
7
15
10
9
10
1
7
15
18
23
11
14
5
23
18
2
11
6
0
23
24
20
11
8
4
9
11
20
16
20
5
20
4
18
14
18
14
12
2
24
15
12
9
0
2
24
15
12
7
0
6
4
15
24
20
5
20
4
15
7
20
4
14
18
15
7
2
4
20
5
14
12
7
20
18
15
11
23
18
20
5
14
4
14
18
20
16
2
11
8
12
6
0
14
24
22
7
2
0
6
12
8
11
20
13
14
7
14
0
23
18
2
7
1
0
11
8
7
23
0
14
0
15
7
14
18
20
11
1
24
3
0
14
4
8
7
2
11
15
18
23
0
3
11
1
24
2
5
23
0
20
24
1
24
2
0
6
0
8
11
2
13
14
11
8
0
23
24
14
24
2
11
3
4
20
11
8
18
23
10
14
18
1
24
15
0
11
17
10
9
10
23
7
15
11
9
12
20
18
14
16
2
11
8
10
14
10
21
5
14
11
2
18
6
12
0
14
0
23
18
6
11
1
0
14
7
8
