281
4.61525
19
7
6
9
19
21
11
9
19
16
22
9
23
13
21
4
5
14
3
0
14
23
13
9
11
21
13
20
3
19
9
19
3
8
10
8
0
24
20
13
0
24
20
13
18
21
22
9
14
18
5
17
8
23
0
14
3
19
0
7
13
20
4
21
13
7
22
17
11
17
22
9
14
3
19
0
8
16
19
9
22
16
19
9
22
7
20
8
18
14
0
24
0
8
16
19
5
13
7
1
5
13
23
13
5
15
21
6
5
3
8
10
7
13
5
12
7
13
5
16
22
9
8
10
24
0
8
18
14
10
8
18
21
6
7
6
21
11
17
0
8
7
1
0
11
21
1
18
8
21
4
21
0
24
5
1
18
8
20
13
7
6
20
8
16
6
5
14
16
6
5
14
16
9
22
7
1
0
8
21
6
16
22
21
18
13
5
14
16
5
6
7
13
20
3
19
9
11
17
22
16
22
17
22
3
19
17
11
9
14
18
14
0
7
13
20
11
17
9
22
23
13
9
7
19
0
8
3
14
10
22
3
14
0
24
5
13
20
13
7
6
21
11
9
19
7
13
0
24
20
13
5
1
23
13
5
16
22
17
22
3
20
13
20
8
16
6
5
24
17
22
3
22
17
8
10
22
3
14
20
6
