479
29.8462
19
4
2
23
3
22
2
11
9
13
14
1
9
4
0
5
10
13
7
5
21
9
17
2
22
3
1
12
18
12
1
4
10
5
16
8
10
5
17
12
21
3
23
2
8
23
12
8
16
5
3
22
16
11
9
1
10
11
9
5
20
23
6
11
22
16
8
2
23
3
21
2
17
9
21
2
17
9
5
15
7
23
6
4
0
23
8
9
1
7
13
6
17
5
10
11
10
5
3
23
0
8
9
23
14
13
6
23
7
13
15
0
17
12
15
1
7
13
2
18
23
12
5
19
4
12
1
10
11
9
1
7
15
12
8
16
15
16
8
16
15
7
15
23
11
22
2
23
3
23
2
4
0
22
12
4
0
22
2
4
0
23
8
9
1
12
23
3
21
2
17
12
1
9
18
12
23
24
22
5
7
13
0
8
16
13
0
4
16
15
16
8
16
13
0
4
1
9
17
13
0
8
12
22
11
16
5
10
11
16
15
10
11
23
2
17
6
22
11
12
21
3
1
12
8
12
23
19
8
12
23
19
8
12
23
19
5
3
23
0
11
9
22
11
0
13
3
1
23
9
11
0
22
3
5
0
17
9
15
14
23
9
4
2
23
7
15
6
17
16
15
3
23
1
3
15
16
17
6
5
7
13
21
2
17
13
5
20
5
9
17
21
12
15
7
15
23
6
17
6
23
3
1
6
23
3
1
6
23
4
0
5
20
13
0
11
22
9
17
5
0
4
12
21
7
13
2
4
0
13
0
4
5
10
17
15
2
13
17
19
5
9
17
0
5
3
22
16
11
9
21
7
5
13
14
22
12
4
0
23
4
6
23
0
4
9
1
0
4
12
1
10
11
9
23
18
2
13
7
1
9
13
16
11
0
13
10
11
0
13
10
11
12
1
3
23
5
3
21
12
1
3
21
12
17
6
22
2
17
6
23
6
23
4
1
5
7
13
19
11
16
13
24
23
2
4
10
1
2
4
16
21
2
4
23
6
17
15
16
11
10
15
17
2
22
8
23
2
4
19
23
2
4
10
5
16
11
10
13
11
0
22
9
11
0
22
12
8
16
21
12
8
23
15
7
5
9
17
19
