482
17.5476
1
2
3
14
21
4
17
14
3
23
6
9
24
10
20
4
17
21
4
24
6
9
24
4
24
11
6
12
6
12
7
14
3
18
20
11
24
18
16
8
24
23
24
10
15
14
21
12
6
8
3
24
14
15
14
16
22
17
4
24
10
2
23
16
14
17
18
24
16
11
24
14
6
9
6
20
22
7
3
4
20
12
2
16
4
21
11
20
18
21
9
6
23
0
9
21
4
24
9
0
23
0
23
2
14
6
16
9
24
23
0
17
18
21
14
0
8
16
14
24
18
7
16
14
21
18
7
14
0
21
4
17
12
6
23
15
14
20
18
2
22
16
20
22
15
22
6
12
17
22
6
4
2
12
20
4
15
23
24
23
2
4
20
4
20
9
6
23
20
18
7
22
6
14
7
18
20
22
0
8
0
14
21
15
14
16
23
24
4
2
1
21
14
2
1
0
22
7
14
0
23
6
22
17
14
3
12
6
24
9
3
14
3
11
20
16
22
7
18
20
18
20
11
3
23
0
17
14
3
23
0
23
7
14
0
14
0
22
2
14
16
14
0
8
20
0
22
16
22
17
4
21
1
2
14
16
22
3
8
24
4
21
1
2
22
16
22
2
1
20
4
20
22
15
12
6
22
20
11
16
22
3
17
22
0
23
16
2
14
3
22
2
1
21
6
8
20
4
24
16
12
2
1
20
4
2
12
6
12
24
9
6
1
20
11
20
1
6
22
2
22
20
10
2
4
20
12
6
8
6
23
24
17
4
16
22
17
22
16
4
2
23
24
16
11
3
23
24
11
16
10
24
12
17
0
20
18
20
11
16
14
21
18
17
23
6
23
6
20
9
0
22
16
8
24
23
16
11
16
23
24
18
2
16
14
24
10
7
4
20
22
0
17
1
24
12
16
11
24
4
20
9
0
23
6
8
20
18
21
6
12
2
18
20
10
2
14
3
14
6
14
2
1
24
0
8
20
4
21
9
6
22
21
17
18
20
4
24
17
1
24
1
7
14
6
21
1
24
9
3
14
0
11
20
18
20
11
21
1
6
12
17
22
6
10
2
20
12
6
8
6
12
24
8
6
10
20
11
21
14
3
19
