488
20.0183
16
11
0
14
20
15
14
0
21
11
16
22
16
1
23
16
22
20
8
0
6
23
1
12
16
22
1
2
24
10
20
11
0
23
16
14
7
6
23
3
11
21
23
6
4
7
20
14
16
2
24
8
21
4
20
0
24
8
20
4
3
8
24
12
3
14
16
11
24
10
20
6
8
24
12
6
11
16
14
21
4
1
10
24
14
15
20
4
21
1
4
20
18
1
14
3
14
20
2
1
4
21
23
0
9
24
16
23
1
2
20
4
17
12
0
14
17
4
21
2
1
24
2
24
10
7
14
21
16
14
15
24
14
16
7
14
16
23
6
1
23
3
14
17
14
16
22
3
23
1
0
22
6
22
17
18
20
18
1
12
6
23
16
1
23
6
23
17
18
20
18
20
11
16
12
6
12
17
22
3
18
17
14
20
2
0
12
17
14
3
22
16
17
14
16
12
1
2
24
2
24
8
16
14
21
2
24
10
7
14
21
4
16
17
22
21
18
17
23
0
23
15
24
23
3
14
15
14
24
4
7
23
0
23
15
22
24
2
1
12
16
22
15
14
20
4
7
22
3
23
1
2
24
20
19
20
2
24
9
16
14
6
23
1
2
21
22
16
23
1
0
12
16
14
17
10
24
2
17
22
16
14
7
10
24
16
12
1
2
21
6
12
7
4
20
18
7
14
21
18
16
23
1
12
6
2
20
11
20
4
20
11
3
23
0
9
20
18
21
8
0
12
16
22
17
4
20
18
24
8
3
24
23
17
4
3
22
17
12
6
2
21
14
1
0
18
20
12
1
16
16
22
7
23
0
10
20
14
17
16
18
21
17
14
16
4
20
11
20
6
23
6
9
24
10
20
4
20
9
24
4
3
14
1
23
16
0
11
24
23
3
11
21
4
21
11
16
14
0
14
7
10
24
6
9
20
22
16
9
6
22
21
9
6
10
20
11
20
2
6
23
21
1
10
6
23
17
22
3
12
6
8
21
14
3
9
6
22
20
15
22
6
23
1
22
16
10
24
11
20
18
16
11
21
23
0
2
1
23
21
4
3
17
22
21
18
17
10
24
21
2
1
12
6
22
15
22
20
10
1
10
20
22
16
9
6
22
20
