482
21.431
15
23
6
21
22
15
2
19
4
20
21
9
19
6
22
15
20
21
22
13
11
2
21
22
4
11
2
5
10
19
15
20
2
1
16
5
21
22
0
4
14
15
20
7
19
6
8
7
12
6
6
3
16
18
17
10
11
13
2
12
4
11
13
20
0
1
9
14
24
23
21
18
6
1
0
8
0
6
1
0
8
16
2
1
21
22
2
15
24
8
16
22
24
11
9
18
24
19
9
19
9
14
7
19
2
8
10
5
6
7
11
16
8
13
2
12
4
11
13
2
23
6
11
13
23
16
2
10
8
21
19
2
22
4
5
21
7
22
6
11
9
1
16
14
7
5
9
19
13
12
4
20
13
11
2
22
4
0
5
4
20
4
12
17
22
21
1
2
8
16
8
16
1
6
23
17
23
6
1
16
18
24
18
24
8
0
19
9
1
17
12
13
20
10
11
15
6
22
0
15
19
9
14
7
19
7
17
14
7
1
0
5
13
23
24
0
8
13
0
16
17
23
13
24
20
7
11
13
24
20
0
8
4
14
0
22
21
22
21
19
9
8
16
11
24
20
9
13
11
16
8
0
13
11
10
5
10
5
7
19
13
20
21
18
4
14
0
5
0
1
13
0
5
10
1
2
5
4
7
24
2
8
16
3
6
18
21
22
21
19
9
19
9
11
4
20
13
12
15
24
18
6
23
0
1
17
22
0
4
11
17
22
0
1
17
23
6
7
16
5
13
23
6
0
8
4
12
6
7
5
24
10
17
23
17
1
16
8
0
18
6
1
21
22
2
23
24
4
5
9
12
13
19
7
5
7
14
16
5
15
22
0
14
7
1
17
12
13
12
16
8
17
10
11
10
5
6
18
21
22
21
19
2
15
22
0
19
17
23
6
7
19
13
0
8
16
15
14
10
20
15
24
14
7
20
15
14
4
12
9
11
13
19
0
18
15
14
24
23
9
5
24
1
0
18
6
12
4
18
17
19
7
19
9
5
4
12
24
9
18
24
11
10
9
14
21
11
16
18
13
21
19
9
12
13
11
4
20
7
14
15
16
8
2
4
20
4
24
20
9
21
1
16
18
17
3
24
22
16
5
15
15
