290
4.39035
13
19
22
7
22
5
4
7
22
19
18
19
24
0
3
15
24
6
8
6
23
0
9
6
12
2
9
21
8
11
9
15
20
17
14
22
7
22
5
6
14
22
19
18
7
11
24
21
24
19
13
1
4
5
4
14
18
19
17
14
11
9
15
9
14
22
7
2
8
6
12
2
9
15
23
6
8
2
3
15
12
1
18
7
8
20
4
5
22
7
13
1
22
14
4
16
18
19
4
5
4
1
5
10
1
13
7
22
14
17
16
15
3
11
5
17
19
13
1
10
5
4
19
18
19
18
20
4
5
22
19
18
20
4
5
2
7
11
8
6
9
15
20
17
14
22
19
0
23
6
8
21
24
21
23
0
3
0
3
11
8
6
24
15
19
22
5
17
20
15
3
0
9
2
12
19
18
20
17
7
4
16
15
9
6
12
2
9
15
23
1
13
1
23
0
3
20
18
1
15
16
3
0
23
19
18
16
6
12
6
24
0
3
6
12
2
9
0
3
15
16
21
24
15
7
18
16
6
12
11
9
0
23
21
8
2
3
0
20
17
14
18
19
18
14
17
20
18
19
23
0
3
2
14
17
14
11
9
15
24
21
23
0
9
14
11
9
15
24
6
8
2
3
21
8
11
1
15
23
1
18
20
21
8
21
24
20
21
24
11
