476
30.9835
11
16
14
1
10
4
20
17
18
3
10
7
13
16
19
15
9
16
19
7
24
23
17
22
0
12
9
1
15
11
3
5
7
10
16
19
15
9
16
1
22
24
22
24
18
4
11
3
19
17
11
12
10
4
11
12
11
12
11
4
10
4
19
16
18
8
5
3
19
7
5
8
9
15
5
6
13
8
5
0
14
6
13
0
14
7
11
24
14
1
6
5
24
22
8
17
10
4
18
8
9
12
18
8
5
16
19
8
5
3
18
7
10
8
5
12
10
6
13
12
11
6
5
12
10
6
5
7
10
24
7
14
0
9
15
18
3
9
1
22
17
8
9
15
18
24
14
6
18
21
14
8
18
17
16
10
15
5
8
9
7
13
6
19
3
5
15
11
17
22
3
10
17
19
6
14
21
18
8
14
21
18
6
14
24
1
23
1
14
24
23
1
14
24
23
1
14
0
14
0
14
0
14
0
14
0
17
20
12
11
17
15
23
24
13
7
20
1
9
12
10
7
9
17
20
15
5
24
23
7
19
21
14
0
22
21
18
8
13
7
9
8
19
4
10
12
11
4
11
12
10
17
23
17
10
12
23
17
10
4
20
17
10
4
20
17
11
12
20
17
10
12
11
12
19
6
21
22
1
14
24
6
18
12
21
20
1
14
0
14
0
14
1
9
15
16
19
21
7
10
7
24
5
8
19
16
5
7
19
3
9
1
22
21
20
1
14
0
22
21
22
17
20
21
22
1
23
24
22
1
23
24
12
18
8
21
14
1
11
3
14
1
10
12
9
7
10
4
13
6
1
14
21
22
1
9
3
22
1
9
7
10
12
9
1
20
17
3
19
6
13
8
17
20
17
20
1
6
13
16
19
7
9
3
18
15
9
12
11
7
24
13
6
22
21
5
8
22
1
9
6
13
15
9
6
13
7
13
8
9
1
22
0
14
24
7
11
4
13
8
18
17
9
15
20
17
11
12
18
3
18
16
19
7
13
16
11
15
13
3
11
7
18
3
10
4
19
6
13
21
7
22
21
10
4
22
21
19
16
22
24
18
4
20
21
19
7
20
24
13
7
23
1
24
12
20
