282
3.9233
20
4
12
6
8
13
4
19
1
4
4
15
4
14
4
11
8
13
6
5
11
8
17
1
8
12
4
18
1
6
9
11
4
18
1
16
8
11
4
18
1
6
4
11
9
17
1
18
4
0
18
6
11
6
8
12
4
18
1
6
16
3
4
6
13
4
12
4
17
3
17
4
0
18
6
11
8
4
13
5
18
1
4
18
1
16
4
1
18
6
12
8
4
1
20
4
0
18
6
11
6
12
8
11
6
18
0
17
8
11
6
4
2
18
4
13
4
8
13
5
8
11
6
13
5
3
4
17
3
16
6
11
6
4
12
4
17
3
4
17
0
18
6
11
6
16
3
11
6
17
0
18
4
11
6
9
13
4
18
1
16
6
11
4
15
4
7
11
4
4
15
7
11
4
3
17
7
11
4
4
13
7
8
11
4
18
2
6
8
11
4
17
3
17
5
11
4
17
3
17
4
12
4
17
1
18
4
11
7
6
11
4
18
2
17
8
11
4
17
0
17
4
3
17
5
15
4
11
4
16
1
20
4
11
5
6
3
6
11
4
17
0
17
8
11
4
5
13
8
4
13
5
13
4
8
13
0
18
4
13
6
5
11
8
17
1
4
16
3
17
6
11
4
0
20
6
11
4
4
13
6
16
