288
4.02887
17
2
18
5
10
8
4
10
3
18
0
19
4
12
7
11
5
10
5
19
0
5
7
10
4
18
0
19
4
12
7
5
10
8
12
4
2
18
4
1
19
4
10
5
12
8
10
4
7
12
4
17
2
18
4
10
5
15
5
10
7
18
0
18
7
10
4
17
3
18
4
14
4
4
12
8
4
12
4
19
0
18
7
10
5
19
1
4
4
12
7
18
0
19
5
10
5
19
0
18
7
12
4
8
10
4
5
12
7
11
4
12
7
4
12
8
4
12
7
18
0
19
4
12
7
4
12
4
11
7
12
4
19
1
4
12
4
19
1
4
14
4
12
7
13
4
14
5
10
7
10
6
7
12
4
7
13
4
7
10
4
18
3
11
4
4
14
5
11
4
18
2
5
17
2
18
4
12
4
7
11
5
16
4
4
11
3
4
4
16
4
6
14
4
18
2
6
10
4
16
4
6
14
4
12
7
11
5
4
14
4
18
3
17
4
2
18
4
14
4
17
3
4
4
3
4
12
8
4
10
2
18
6
10
7
10
5
2
17
4
16
5
10
4
7
12
6
10
7
10
5
19
0
18
7
12
4
19
0
18
5
14
4
17
3
18
4
14
4
11
2
18
5
14
4
17
3
18
4
10
8
4
10
7
18
0
19
5
