288
4.99958
20
9
12
7
16
7
19
2
20
6
14
9
19
0
22
7
12
5
14
9
14
5
12
11
5
15
9
19
0
19
10
14
5
20
2
13
7
19
2
19
7
13
9
14
5
16
7
19
1
22
5
12
9
20
0
22
5
13
9
20
0
22
6
12
9
20
0
22
5
13
7
19
2
20
6
16
5
7
16
7
12
9
12
5
17
7
5
16
5
14
11
5
12
10
20
0
19
9
12
7
14
2
19
5
12
8
20
2
19
5
12
11
13
5
17
5
5
12
11
12
5
20
2
21
5
12
11
5
14
2
19
7
16
7
12
6
19
4
19
7
16
6
19
4
19
5
18
5
19
2
19
0
21
2
19
5
17
7
6
16
5
19
4
20
5
16
5
14
11
13
5
22
0
5
22
0
19
9
15
5
22
0
19
9
14
5
18
5
12
11
19
0
9
12
7
22
0
19
9
1
19
11
12
5
11
12
8
19
2
19
5
12
4
13
5
22
0
19
7
16
5
19
4
20
6
12
9
20
0
22
5
13
11
19
0
19
10
14
5
22
0
19
9
15
5
17
5
12
11
5
14
9
19
1
22
7
12
9
14
5
13
11
19
0
22
6
14
2
20
5
16
5
21
2
20
5
12
10
20
0
22
5
12
3
19
0
19
11
