280
3.10518
17
5
10
5
15
2
6
15
0
7
10
6
15
0
15
7
0
15
6
2
15
0
10
6
15
2
15
5
0
10
4
15
0
7
15
1
15
7
10
0
10
8
4
10
8
10
5
3
10
5
15
2
6
15
2
15
5
11
7
15
0
13
4
10
7
15
0
17
5
10
7
15
0
17
5
10
7
10
0
15
1
15
7
10
5
12
5
15
2
15
0
15
5
11
7
5
10
8
10
4
10
8
10
5
10
7
10
6
15
0
15
7
1
15
0
15
2
6
15
0
7
10
0
15
0
4
10
0
15
7
10
5
12
5
15
2
15
1
15
5
10
7
11
5
15
0
10
4
8
10
5
15
3
5
10
2
15
5
12
0
15
7
10
5
12
0
15
7
10
0
17
0
15
7
0
15
0
7
10
4
13
0
15
7
10
0
13
4
15
2
15
5
10
8
4
10
8
10
5
7
10
4
13
5
15
2
15
5
12
5
15
2
5
10
5
3
15
0
15
8
10
4
8
10
5
15
2
15
5
12
0
15
7
10
5
8
10
4
10
8
15
0
7
10
6
15
0
15
7
1
15
7
10
0
13
4
15
2
15
5
10
8
10
4
10
5
0
15
3
15
5
10
5
3
15
5
10
5
10
4
