280
4.58911
22
4
15
8
14
4
12
6
22
0
20
8
12
4
6
13
4
16
4
20
0
23
4
12
6
9
14
4
16
6
19
1
20
4
16
5
14
6
16
4
12
6
0
22
4
14
10
12
4
17
4
14
8
14
4
22
0
20
10
12
4
22
0
20
10
12
4
22
0
4
16
6
6
12
8
12
7
20
1
12
4
3
20
4
16
4
20
0
22
4
14
4
11
12
4
18
4
7
16
4
20
1
20
5
16
4
14
8
20
0
22
6
12
6
22
0
20
4
18
4
19
1
20
4
16
5
12
6
10
12
5
4
18
6
12
1
19
4
18
4
14
9
4
14
8
6
12
1
14
4
15
8
4
14
1
19
6
12
6
22
0
20
8
12
4
3
12
6
8
12
6
16
7
4
1
4
6
17
6
12
8
20
0
23
4
12
6
16
7
4
12
6
16
4
7
12
4
20
1
19
6
16
6
12
8
13
6
4
18
4
13
6
8
12
4
16
4
20
2
4
20
1
20
5
1
20
4
16
7
4
12
10
12
6
12
2
20
4
14
8
5
14
8
12
6
8
13
6
12
8
14
4
14
9
4
14
4
16
6
5
18
4
12
10
13
6
16
4
14
5
6
16
4
14
1
20
5
12
6
22
