288
4.99894
22
5
0
22
5
13
2
18
6
11
5
19
2
19
5
12
6
11
8
19
0
19
8
11
6
8
14
5
8
13
5
13
8
11
1
5
8
11
6
9
13
5
8
13
5
20
2
11
6
15
7
11
5
19
2
18
6
15
6
11
5
22
0
6
11
5
6
16
6
11
8
11
6
16
5
19
2
19
5
16
5
19
2
19
5
16
6
11
6
15
5
19
3
13
5
11
6
8
0
19
8
11
6
0
22
5
11
6
18
2
19
5
2
19
5
4
11
5
13
5
10
11
5
13
5
22
0
5
6
15
5
14
2
13
5
11
9
13
6
8
11
5
22
1
11
8
5
13
3
6
11
2
19
5
13
8
5
13
9
6
11
5
22
0
19
8
11
6
16
5
19
2
13
5
18
2
6
11
5
20
2
5
6
11
10
11
5
13
5
13
8
5
14
8
6
11
8
1
5
8
13
5
17
5
5
2
19
5
12
6
8
13
5
18
2
19
6
2
12
5
6
2
5
20
2
5
13
8
6
11
8
7
11
8
13
5
18
2
13
6
11
9
5
13
8
11
5
22
0
19
2
11
5
17
5
19
2
11
7
2
19
5
11
10
11
6
15
5
7
15
5
13
8
5
13
5
1
15
5
13
5
22
0
11
6
15
5
20
