378
7.74806
21
8
11
9
11
1
20
1
18
3
17
1
20
0
17
3
6
17
3
19
6
11
6
21
1
17
9
12
6
20
1
17
10
12
6
9
11
6
21
0
17
10
11
6
20
0
17
3
17
1
20
7
11
6
20
1
13
9
11
6
17
4
17
6
14
6
7
14
6
11
9
18
1
10
6
11
9
18
1
14
6
17
0
10
11
6
20
2
17
9
11
6
17
5
17
0
21
6
11
10
11
7
14
6
17
5
11
2
3
17
6
14
6
13
9
11
6
20
1
7
20
1
17
3
19
6
14
6
6
14
2
17
10
11
6
10
12
6
17
5
17
7
14
6
11
6
10
12
6
20
1
17
7
3
6
17
3
8
17
3
1
17
10
12
6
10
11
6
21
0
11
10
17
1
20
7
11
9
17
1
18
9
11
6
21
0
17
6
16
6
18
1
20
6
11
8
20
1
6
14
8
17
5
17
6
14
7
6
16
6
1
18
9
11
6
9
0
17
9
1
17
7
14
6
17
3
6
12
9
17
1
17
4
17
6
14
6
17
3
17
8
14
6
17
3
17
7
11
9
17
1
21
7
11
6
1
20
6
12
10
1
6
20
0
11
9
11
6
12
10
11
6
11
9
6
12
10
6
11
10
0
17
5
17
1
12
9
11
6
9
11
7
16
6
17
5
6
12
9
11
6
16
6
13
9
11
6
14
7
6
11
9
11
7
20
1
6
14
6
18
5
17
6
14
8
1
17
9
11
8
14
6
11
10
11
7
6
16
6
17
4
17
6
14
6
18
5
11
6
14
8
11
6
3
17
7
3
17
6
16
6
17
4
17
1
17
10
12
6
17
3
17
8
16
6
11
9
18
