387
11.2044
19
5
9
7
8
5
15
2
15
5
11
5
16
1
17
5
8
7
14
1
17
5
8
7
15
0
17
5
8
3
16
5
11
5
15
3
14
5
11
5
15
3
14
5
11
5
15
1
17
5
8
2
15
5
8
7
14
1
17
5
1
17
5
1
17
5
8
7
8
5
17
1
16
5
11
5
15
2
8
5
19
1
14
5
8
7
15
0
11
5
1
19
5
8
6
15
1
17
5
8
5
14
3
8
5
19
0
15
5
11
5
16
1
17
5
8
3
15
5
11
5
10
5
7
8
5
14
3
15
5
11
5
8
7
8
5
10
5
11
5
15
0
19
5
8
7
5
8
7
14
1
17
5
8
3
16
5
11
5
5
10
7
8
5
8
4
15
5
11
5
16
1
11
5
8
2
15
5
8
3
14
5
11
5
15
2
15
5
11
5
16
1
11
5
8
6
15
1
17
5
0
19
5
8
7
9
1
17
5
8
7
9
5
3
8
5
13
5
1
17
5
10
5
17
1
5
18
1
8
7
8
5
15
0
19
5
8
7
9
5
11
5
15
0
19
5
8
5
17
1
16
5
11
5
8
6
8
5
17
1
14
1
11
5
15
2
15
5
8
7
0
8
7
5
8
7
9
5
17
1
15
6
8
5
3
15
0
17
5
8
5
16
3
8
5
8
6
1
8
5
17
1
15
6
8
5
1
19
0
5
17
1
15
5
12
5
15
1
17
5
8
7
9
5
17
1
15
6
8
5
17
1
0
19
5
8
7
5
8
1
18
5
8
5
19
0
15
5
11
5
15
3
8
5
14
1
19
5
8
5
16
3
8
5
5
13
5
1
17
5
8
3
15
0
17
5
8
3
10
5
11
5
8
6
15
1
17
