375
10.4967
20
7
1
20
5
12
9
12
7
7
0
20
5
14
7
9
13
5
18
2
18
6
2
7
5
4
6
5
16
7
18
2
6
5
4
5
7
17
5
7
16
7
6
16
7
5
2
18
5
14
10
12
7
2
5
14
9
7
13
9
14
5
5
1
20
5
14
5
18
2
6
18
2
12
7
20
0
7
5
2
7
0
20
7
12
7
3
5
18
2
12
7
10
12
7
9
12
6
9
14
7
16
5
6
4
18
5
2
5
18
3
18
5
12
9
18
0
20
7
12
7
20
0
18
9
14
5
20
1
5
9
14
5
20
1
12
9
7
12
10
5
14
7
9
12
6
16
7
18
2
6
5
4
18
5
16
6
18
2
5
7
3
18
5
2
14
5
20
0
18
2
18
5
16
6
18
2
5
7
16
8
12
5
9
14
8
16
5
5
4
18
6
12
9
5
14
1
20
5
12
4
12
7
20
0
18
9
14
5
3
18
5
14
9
12
5
20
1
18
9
12
5
20
1
18
5
2
5
18
1
20
5
12
7
13
4
5
5
4
5
15
9
5
14
9
7
13
5
2
7
7
16
6
5
4
18
5
17
5
18
4
5
5
3
5
14
9
18
0
20
7
12
4
5
6
16
7
7
2
5
5
14
1
20
5
12
4
6
18
2
5
5
15
7
9
12
5
20
1
5
14
9
12
8
16
7
12
9
12
1
20
7
12
5
9
15
7
9
12
5
8
16
7
5
12
8
9
12
7
20
1
5
5
16
7
8
12
9
5
14
10
5
12
7
14
10
12
5
2
18
7
0
20
5
14
7
16
5
6
4
18
5
16
6
18
4
5
12
6
4
7
5
16
6
7
