387
8.47806
21
1
18
5
16
5
14
9
5
15
9
5
14
5
18
3
19
5
14
9
14
6
9
1
18
2
19
7
14
9
12
5
2
20
7
2
18
5
2
19
7
17
5
18
2
20
5
14
5
9
14
5
18
4
18
7
12
9
19
1
18
5
3
18
5
17
6
18
1
9
5
15
5
9
12
7
21
0
18
9
1
18
11
12
5
18
1
13
9
18
1
21
6
12
5
10
12
7
9
13
5
17
5
18
3
18
8
12
9
18
1
21
6
12
5
10
12
7
18
0
21
5
14
9
5
12
8
7
2
18
5
3
20
5
12
9
7
12
9
7
12
9
7
12
6
7
12
9
1
19
10
12
5
2
20
5
2
18
5
17
5
19
2
18
7
14
6
9
12
5
21
1
13
5
18
3
18
6
3
18
5
17
6
7
12
9
12
8
12
7
9
12
6
21
1
18
2
18
5
4
18
5
3
5
7
16
5
14
5
10
12
5
15
9
5
14
9
7
13
9
5
14
9
5
12
10
18
0
9
12
7
9
12
5
20
2
18
7
12
9
5
12
9
20
1
18
9
12
5
10
12
5
18
4
18
7
2
18
6
12
10
5
12
11
18
1
18
9
1
18
7
16
5
18
3
18
6
3
5
5
3
18
6
2
5
5
17
8
18
2
18
7
3
18
5
13
10
18
1
9
6
14
9
12
7
19
3
18
5
2
7
18
4
18
5
3
18
8
12
9
14
5
14
9
5
14
9
7
12
9
8
12
10
5
12
6
10
14
5
9
13
5
18
1
18
10
12
5
10
13
7
9
12
7
18
3
18
6
3
18
5
2
20
7
12
5
9
14
7
19
2
5
7
17
5
18
2
14
5
20
2
5
7
2
18
7
16
