386
8.55926
7
18
4
5
18
2
20
5
13
9
5
1
8
20
0
18
4
5
13
9
18
1
8
18
0
20
5
16
5
19
1
18
2
20
6
16
5
5
4
5
7
15
5
20
2
20
6
15
5
20
2
20
5
0
20
8
13
5
19
2
20
5
13
9
5
13
8
5
14
5
8
13
5
6
15
5
18
4
18
7
15
5
13
8
6
13
8
5
13
5
8
13
5
14
8
18
1
5
7
2
5
13
8
5
14
8
13
5
18
2
7
20
2
18
5
16
0
20
5
2
18
6
4
20
5
15
6
20
4
18
5
15
6
20
4
18
5
15
7
18
4
5
18
1
8
19
1
18
5
13
8
19
1
8
1
18
3
20
5
13
8
19
1
8
5
13
9
18
1
18
5
12
4
5
20
2
18
1
22
5
13
8
20
0
5
16
5
1
19
5
4
18
1
18
3
18
1
10
18
0
8
1
18
10
12
5
20
2
5
20
3
20
5
2
18
7
4
18
5
15
7
18
1
8
5
13
8
18
0
10
18
1
8
6
13
8
5
13
8
18
1
18
9
1
18
5
13
9
18
1
18
8
14
5
8
1
18
7
2
18
5
1
21
2
18
5
15
6
20
1
15
5
19
1
18
4
18
5
16
5
13
5
19
4
5
20
2
18
1
15
7
18
2
20
5
4
18
6
16
5
5
16
5
20
2
6
18
4
18
5
12
10
18
1
8
18
1
19
8
1
18
8
1
18
6
2
20
1
8
18
0
10
18
1
8
19
1
18
4
18
6
2
20
5
4
19
5
16
5
20
0
15
5
20
4
18
6
15
1
20
8
12
5
20
4
5
5
15
7
18
4
5
5
13
8
13
5
12
10
18
1
8
18
0
20
10
