385
8.58034
23
9
13
10
19
1
21
11
13
7
10
14
9
16
7
19
5
19
7
14
11
19
1
23
7
14
11
19
1
19
10
15
7
19
5
19
9
16
7
19
5
20
7
18
7
21
4
19
1
19
3
21
0
19
3
19
7
16
0
21
10
13
7
11
14
7
19
5
19
0
16
7
21
5
7
19
4
19
7
16
1
20
10
14
7
19
5
20
7
18
7
19
6
19
1
13
10
21
0
19
10
14
7
18
7
19
5
20
1
19
10
13
9
19
5
19
7
14
7
16
9
19
3
19
1
23
1
20
10
14
7
16
7
21
0
23
1
19
3
21
8
13
10
19
1
23
8
14
10
14
7
23
0
14
10
19
1
23
9
13
10
19
1
23
7
15
3
21
7
16
8
7
18
7
21
0
19
10
13
7
20
3
21
7
16
7
22
3
19
7
18
9
13
10
19
1
21
11
13
7
21
1
23
0
19
10
14
7
19
5
19
0
10
19
1
23
7
14
11
19
1
23
1
20
7
18
7
19
4
21
1
23
7
13
6
21
7
13
7
19
5
19
2
23
7
13
10
15
7
16
7
21
6
7
19
3
21
8
16
7
13
7
13
11
19
1
16
1
20
3
21
7
14
11
19
1
13
10
19
2
21
3
19
7
16
9
19
3
21
7
18
7
20
3
21
7
18
0
7
19
3
19
9
13
10
7
14
12
7
13
10
21
0
18
7
19
5
19
7
16
9
7
14
10
19
1
19
0
23
1
19
3
0
21
10
14
7
17
7
19
3
21
7
15
7
19
3
21
8
13
10
13
7
19
5
21
0
23
7
13
3
21
8
18
7
19
5
20
7
16
7
13
10
22
1
19
10
13
9
19
5
7
19
6
19
