300
0.12761
21
18
14
4
0
1
4
22
13
4
3
2
1
0
17
19
5
15
4
8
6
17
8
18
16
7
18
8
13
18
8
18
16
8
18
10
20
18
13
9
6
16
4
24
2
1
3
7
13
23
19
17
8
18
17
14
19
1
11
18
10
23
13
1
22
14
17
19
5
13
6
9
10
12
14
10
23
13
7
23
14
21
6
5
17
19
16
1
20
7
1
3
13
2
23
4
11
19
1
14
12
7
14
6
16
2
18
3
13
10
23
4
2
3
14
17
19
5
13
24
4
18
16
19
14
17
23
10
6
16
2
23
1
21
23
13
4
22
4
13
3
7
16
18
15
9
1
6
20
10
17
23
1
10
0
4
4
0
1
14
18
2
14
6
14
2
18
14
0
4
1
20
10
14
18
16
7
0
1
12
14
2
3
1
9
15
4
9
6
15
9
17
6
14
7
15
5
10
23
13
3
9
13
23
10
16
18
1
9
15
18
5
10
15
5
7
15
14
6
7
11
6
1
24
17
4
3
21
21
23
4
8
15
14
7
18
16
10
6
11
4
19
14
17
6
9
1
12
16
7
3
6
17
8
18
14
15
9
4
15
8
6
5
2
6
8
7
15
5
7
15
9
6
9
13
18
14
7
15
14
7
18
16
8
18
13
5
19
1
11
19
4
14
20
21
4
0
6
4
14
