289
5.55731
2
16
7
18
20
19
5
16
9
20
19
24
8
9
20
4
21
2
13
11
17
21
18
3
8
17
12
18
22
5
5
3
15
14
2
21
17
3
5
9
6
10
13
15
2
14
20
8
12
10
8
3
4
7
11
24
19
4
11
1
15
17
13
18
21
2
17
3
18
5
3
15
16
9
24
16
12
11
7
18
0
19
2
15
14
24
17
19
11
18
23
17
3
18
8
7
17
20
1
5
2
13
20
18
23
2
22
12
18
23
11
19
4
11
23
11
17
13
24
9
15
20
13
8
10
12
6
7
18
2
12
6
15
14
20
10
1
8
20
19
24
11
13
15
12
18
10
13
24
17
3
15
18
13
20
10
19
8
8
22
24
12
11
1
4
2
12
11
1
4
9
4
9
8
12
11
0
9
16
10
13
15
18
12
11
16
7
18
17
9
16
10
1
17
5
12
20
1
2
8
12
20
18
1
15
19
17
18
14
15
19
5
9
6
15
12
8
11
14
10
20
13
2
5
9
20
16
7
21
2
6
19
7
24
7
6
16
9
15
17
21
6
5
19
10
9
4
16
3
15
18
7
4
3
15
1
11
4
19
24
5
14
17
2
9
24
4
22
2
18
12
18
17
9
5
19
6
15
1
17
5
3
11
8
12
24
3
8
8
