477
16.1798
21
19
6
17
18
21
19
2
4
9
21
11
17
6
18
16
21
3
9
1
1
9
7
23
16
3
6
16
18
21
14
2
19
23
22
12
21
8
18
5
7
1
8
23
4
16
6
19
0
4
15
7
16
23
3
15
2
18
15
9
1
2
9
21
0
16
6
9
11
23
19
6
12
15
18
8
20
18
8
23
2
19
23
20
24
7
15
12
21
9
6
5
11
15
3
7
5
11
8
4
16
18
6
19
12
15
18
2
22
18
20
24
18
20
15
7
18
5
7
11
22
18
12
15
21
7
5
3
16
1
7
24
4
11
16
4
7
24
1
18
22
2
23
19
3
1
9
10
6
5
2
18
15
2
18
22
18
0
22
2
18
15
18
20
8
18
15
12
21
8
18
1
9
21
2
17
21
18
16
4
9
21
1
24
20
9
21
8
0
21
9
2
21
24
11
4
8
20
18
19
23
2
8
23
19
0
6
8
23
16
3
6
15
0
24
20
7
19
23
5
6
7
15
0
23
8
2
1
24
14
11
2
15
18
12
22
10
10
5
3
20
19
10
14
0
7
15
18
2
14
11
21
24
20
9
11
1
24
7
4
16
21
18
9
13
10
11
5
9
2
21
19
0
14
7
8
1
18
17
1
20
19
9
23
1
8
3
1
24
1
7
14
18
11
15
7
17
23
19
10
13
12
0
15
7
11
14
18
2
15
2
18
14
11
16
6
18
9
1
11
9
21
12
19
21
12
24
6
10
13
23
23
8
2
1
9
4
16
21
0
14
7
1
24
2
23
8
23
2
19
5
7
9
21
0
22
7
18
13
18
23
8
11
20
24
18
20
24
7
6
5
7
24
23
2
8
23
0
22
7
7
5
18
6
16
8
23
12
16
21
7
5
3
11
14
11
15
3
16
4
11
8
23
11
17
21
7
9
1
3
15
18
2
22
0
21
24
7
20
24
23
7
16
22
18
18
13
21
12
19
4
19
2
23
19
3
1
17
1
3
22
2
18
15
0
7
22
17
11
23
8
6
0
19
4
2
15
18
9
1
7
24
21
12
19
6
0
9
1
10
9
1
3
24
21
2
19
