466
23.1229
5
0
4
14
2
20
5
10
24
2
10
7
6
6
9
23
6
11
10
23
24
5
9
23
6
0
10
5
24
23
10
0
23
6
19
10
5
24
23
21
0
23
6
9
5
0
17
24
23
6
19
3
4
14
23
10
7
6
2
9
5
0
23
1
0
23
6
19
3
2
0
17
24
5
3
19
24
23
16
19
10
2
24
4
21
7
6
14
4
6
19
12
5
13
21
5
13
5
14
23
0
5
9
23
6
19
10
5
13
2
21
7
6
4
14
4
6
0
17
0
2
3
19
6
4
13
19
0
23
21
24
4
6
19
3
6
15
3
5
0
17
6
19
3
5
14
23
6
19
3
6
15
3
5
14
4
24
2
10
14
5
3
15
6
20
4
18
23
6
7
21
23
0
23
10
11
6
23
18
6
23
0
21
23
0
2
9
2
10
0
6
23
14
5
3
15
6
9
5
3
15
24
4
6
19
3
6
7
1
5
20
6
8
20
5
13
10
23
24
5
10
24
6
4
18
23
0
2
10
11
6
10
24
5
10
24
6
4
18
23
6
18
4
6
22
10
5
24
23
10
0
4
6
15
3
2
0
10
2
0
23
21
0
23
21
13
5
3
15
10
23
24
5
9
2
6
7
10
23
20
2
10
24
5
10
24
23
21
0
23
6
19
12
5
14
4
6
7
10
23
24
5
10
11
13
2
10
20
6
2
9
4
6
24
10
5
24
17
0
5
20
8
6
20
8
20
4
6
15
3
5
14
4
6
19
10
2
20
2
10
19
6
4
14
23
6
19
3
5
24
17
0
5
20
8
6
20
4
21
24
23
6
15
10
5
0
23
14
3
6
0
10
23
0
2
10
13
4
6
19
3
15
6
4
24
19
10
2
20
2
21
20
2
6
9
5
6
20
8
24
4
6
19
3
23
0
17
3
0
23
21
24
23
0
10
23
24
11
10
5
13
2
21
20
6
10
24
6
20
21
5
13
23
21
20
23
6
19
10
5
24
23
10
11
6
4
14
4
16
22
10
23
0
2
10
11
6
3
14
5
20
6
19
13
5
6
