288
5.8751
4
18
13
22
16
2
8
10
16
13
16
8
18
1
11
10
18
19
16
8
16
8
14
1
6
24
14
8
5
4
3
9
9
6
16
0
8
16
16
8
13
15
16
8
1
17
8
16
0
12
17
14
19
8
15
24
7
5
4
8
14
24
19
15
16
8
24
18
12
16
8
17
8
14
12
17
1
7
0
16
8
4
13
14
19
14
5
13
14
2
22
5
7
16
5
8
16
15
13
9
6
15
5
13
14
18
12
19
17
14
22
24
2
8
14
23
8
16
16
8
0
14
8
16
1
11
20
8
16
17
19
10
18
12
14
13
2
22
17
20
11
5
15
13
15
9
12
17
18
12
10
2
11
10
1
21
5
11
10
12
18
17
19
10
16
21
5
23
21
14
5
12
14
14
19
5
14
19
14
5
6
9
14
8
17
1
8
16
8
16
8
19
16
7
5
8
4
13
14
5
8
20
14
3
5
8
16
10
8
4
16
19
9
7
16
8
5
5
7
16
0
19
13
15
16
8
5
16
8
16
8
4
24
21
10
19
4
11
8
10
21
16
19
5
14
8
16
5
8
16
15
13
13
15
18
12
10
17
12
18
8
14
13
16
19
18
10
19
16
8
16
0
19
16
14
8
1
14
8
17
1
6
9
18
13
12
16
18
