497
17.8319
11
7
8
3
6
22
2
10
6
13
8
13
6
10
2
0
10
2
10
11
7
10
11
10
2
13
19
7
10
2
15
6
22
12
5
15
4
7
10
1
13
16
7
19
3
13
14
13
4
9
8
13
11
10
1
7
16
15
4
12
16
0
2
10
6
13
8
0
4
20
6
13
8
15
4
3
8
0
2
10
6
13
8
13
6
10
8
7
11
10
6
7
16
7
6
10
13
2
15
4
9
2
13
8
9
4
13
8
0
4
9
8
13
4
15
1
13
19
13
7
20
11
9
4
7
22
6
7
10
5
12
8
13
4
9
2
15
4
7
18
15
4
7
19
13
2
9
8
3
4
15
2
0
10
24
13
14
13
4
9
2
15
2
10
4
15
2
13
10
6
7
17
13
1
10
16
0
2
10
4
0
8
13
4
9
8
13
16
12
18
13
2
15
4
10
2
15
2
3
19
13
8
7
6
10
23
10
2
0
18
7
4
15
4
7
8
12
4
15
22
8
12
4
22
13
23
10
4
13
14
7
10
6
7
8
13
6
10
2
13
14
10
4
7
17
3
2
10
11
10
2
15
4
21
8
22
10
23
3
16
13
1
22
4
15
2
10
6
13
8
13
6
10
8
7
11
10
4
7
17
7
4
9
5
7
16
9
4
7
10
14
13
4
22
1
15
2
10
4
0
8
13
6
10
2
15
4
13
20
11
13
19
7
4
15
2
9
11
3
8
15
4
10
2
15
4
13
20
11
13
10
8
12
22
2
10
11
3
8
0
4
10
2
12
8
13
6
22
20
11
13
18
7
6
22
7
6
10
13
2
9
4
13
14
13
4
9
12
13
8
13
9
4
7
17
7
4
9
17
7
6
22
6
7
18
0
2
10
4
0
8
13
4
9
2
13
16
12
6
22
7
4
15
4
7
16
9
2
9
4
0
8
13
6
10
2
13
15
4
12
16
13
2
9
4
13
8
15
4
3
8
0
4
22
1
13
18
15
7
4
22
6
7
8
3
6
22
2
13
19
10
2
7
19
22
4
7
19
13
2
10
6
13
8
22
6
10
2
15
4
7
19
7
4
15
4
7
8
9
4
13
14
13
4
9
7
16
9
7
4
15
7
4
15
4
7
16
