255
5.07161
24
4
6
9
6
1
10
20
6
15
6
20
10
1
6
9
6
11
24
14
6
9
6
1
10
20
6
9
18
14
24
21
7
9
6
1
19
1
6
3
6
1
22
11
6
3
6
20
10
1
6
13
6
1
10
20
6
13
6
20
10
1
8
21
8
4
6
23
6
14
24
21
12
14
24
21
24
14
12
20
24
21
24
14
6
23
4
6
9
1
12
14
6
9
18
4
8
21
16
1
6
9
6
14
12
1
6
13
6
1
10
20
6
23
6
14
12
1
6
13
1
6
3
0
20
10
1
6
13
6
1
10
20
6
23
6
14
24
11
6
9
4
18
9
6
20
10
1
6
9
1
12
14
6
9
1
6
3
6
1
19
1
6
9
6
1
13
6
1
10
9
6
1
9
6
14
24
11
0
9
6
1
12
14
6
23
4
6
9
6
1
19
1
8
21
16
1
6
13
6
1
10
20
6
3
6
1
22
11
6
23
14
18
9
4
6
9
14
6
23
1
6
9
7
1
9
6
1
3
6
20
10
1
6
9
6
4
23
6
14
9
6
14
12
20
7
9
18
14
9
6
1
10
20
0
