292
7.62862
3
24
20
24
6
21
24
22
11
24
5
8
3
18
24
1
13
10
22
11
24
18
16
14
0
24
18
3
8
5
21
18
11
24
22
11
0
14
16
18
24
1
21
24
22
11
0
5
11
24
18
0
11
5
24
21
14
0
24
18
3
8
5
15
18
11
0
1
7
23
14
16
15
18
11
24
22
11
4
1
21
10
5
11
0
5
7
11
20
16
5
11
24
5
17
11
18
24
5
8
3
18
24
17
2
15
16
5
11
24
18
17
11
5
17
24
14
0
16
20
6
16
20
4
11
22
24
15
1
10
17
5
11
23
5
17
11
20
24
5
11
3
5
21
16
12
11
3
5
21
24
12
11
17
5
23
11
5
13
24
1
18
11
13
5
23
11
22
24
20
11
0
5
21
11
9
24
15
1
0
11
22
24
20
11
0
5
11
7
5
23
11
22
24
21
2
22
11
21
18
0
11
5
24
13
14
24
20
4
11
5
17
10
1
15
10
22
11
4
22
11
19
5
15
11
12
24
13
5
11
0
18
24
11
5
0
11
5
22
11
24
22
11
21
5
24
11
5
13
24
12
11
3
5
8
3
18
24
22
11
20
4
8
18
23
5
8
3
18
24
0
14
16
21
5
3
11
12
24
20
11
0
5
15
2
24
18
13
11
5
23
17
