254
10.2535
17
4
6
19
8
23
2
24
23
15
6
11
5
20
13
6
10
18
2
20
8
2
18
20
8
2
18
20
6
15
10
6
23
22
15
10
16
2
20
12
10
6
15
23
18
2
8
20
3
15
18
20
2
15
20
18
2
11
23
8
13
1
15
24
23
8
2
6
11
8
23
13
6
10
18
2
3
20
8
11
16
2
8
20
18
2
7
16
10
9
20
15
24
23
15
2
20
15
6
11
2
23
8
11
16
2
10
14
12
10
6
2
23
12
10
6
12
23
6
10
12
6
10
2
14
10
12
6
23
6
10
12
6
20
21
10
16
12
10
6
23
15
6
10
6
2
8
20
24
15
1
2
20
12
10
18
15
20
6
2
8
0
8
7
6
2
3
0
8
2
18
7
2
20
15
6
10
2
18
20
8
2
6
7
10
6
2
23
8
11
6
15
23
2
15
20
18
2
8
20
2
10
16
15
3
23
8
11
16
12
10
20
15
6
4
10
23
15
2
20
12
6
7
2
23
12
6
10
3
20
15
6
10
6
2
8
0
13
20
12
6
10
5
20
15
6
4
10
20
8
2
22
7
2
