314
17.6314
12
16
17
6
2
23
0
23
2
6
17
21
16
0
1
19
23
0
6
17
16
21
0
1
19
12
8
17
16
7
0
16
7
0
12
16
20
24
7
19
15
6
20
24
7
19
13
8
17
16
12
0
12
8
17
21
16
0
6
17
21
16
0
13
16
17
6
0
16
21
17
8
12
19
24
22
9
17
6
19
1
2
9
17
6
19
15
6
0
24
21
19
13
24
0
6
15
19
1
0
21
16
17
6
0
16
21
17
8
12
0
16
21
17
8
13
19
24
21
19
15
6
0
12
24
20
6
15
19
13
24
20
6
17
21
8
20
6
15
0
1
19
24
21
19
24
13
19
23
0
21
24
19
6
15
0
12
24
0
6
15
19
7
16
0
12
16
17
8
12
19
8
12
0
7
16
17
8
21
17
21
8
20
6
15
19
13
8
17
16
13
0
6
17
21
16
0
6
17
21
16
0
13
16
19
24
13
19
6
15
0
12
16
17
6
22
10
18
2
10
18
16
0
12
24
20
8
21
17
5
2
23
19
1
0
12
24
19
23
2
23
0
15
6
19
16
13
0
12
16
17
8
12
0
7
16
0
7
16
17
6
19
24
12
0
24
21
0
15
6
19
12
24
0
12
24
19
7
24
20
6
15
19
7
24
0
21
16
17
8
12
19
24
12
0
12
16
17
6
22
10
18
6
20
8
17
21
16
0
15
6
19
12
24
