483
7.92009
8
20
17
3
20
13
6
17
24
10
9
17
24
10
15
9
14
12
23
6
14
10
9
23
5
24
17
9
1
2
18
15
9
5
21
18
21
18
9
13
9
13
6
11
4
18
23
17
24
10
15
9
23
18
13
9
15
4
13
19
23
5
21
18
9
10
21
18
21
18
15
5
9
10
3
5
11
9
14
9
18
21
5
23
19
13
5
9
11
10
3
5
3
20
21
18
21
18
21
5
23
5
9
5
15
12
15
12
15
18
21
20
23
4
15
18
9
14
9
13
9
13
9
11
9
5
8
17
3
5
8
17
9
5
11
18
23
4
11
20
7
16
18
21
20
3
5
6
13
9
18
15
9
13
18
15
9
10
10
9
23
18
21
18
21
18
21
18
21
17
24
5
23
17
8
5
23
9
5
11
4
23
12
11
4
23
18
11
4
23
18
15
4
23
5
9
13
9
18
15
4
23
18
21
17
24
10
23
9
10
21
18
21
20
9
14
19
1
9
18
11
4
23
5
23
10
23
4
11
18
23
4
15
4
23
12
11
5
3
10
3
10
3
5
11
9
5
24
17
9
5
3
18
11
9
5
11
12
23
5
21
10
9
18
21
17
24
18
23
9
14
4
11
9
18
21
5
9
14
9
13
9
13
9
5
11
5
3
18
15
4
15
9
13
5
3
16
8
10
9
15
10
9
13
9
10
9
11
4
13
9
17
24
18
15
9
18
7
5
3
5
7
10
9
5
7
5
7
16
0
20
11
9
1
20
11
17
24
5
9
17
18
5
3
17
24
5
9
11
12
15
5
3
5
23
18
15
5
21
20
23
18
9
11
4
18
9
15
4
23
10
23
18
15
18
21
5
3
5
7
5
23
9
13
9
5
23
20
21
5
19
13
9
5
21
17
18
23
4
11
20
9
10
15
18
15
9
13
4
11
9
13
5
19
23
5
7
10
23
5
3
10
9
13
9
1
6
13
9
20
15
5
11
18
23
5
21
18
23
5
11
18
23
5
9
17
4
18
9
11
4
11
20
23
5
2
17
24
5
9
23
5
3
18
15
5
23
17
24
5
9
17
24
5
11
9
13
5
15
9
13
5
22
