300
0.00608688
19
10
21
12
3
14
9
8
4
24
14
15
24
21
24
0
20
22
2
10
21
24
11
15
19
12
18
15
19
20
21
12
19
8
22
4
15
19
17
18
10
21
12
18
15
21
10
24
22
8
19
12
24
14
17
2
17
2
16
22
20
21
17
18
4
21
10
18
24
19
17
15
24
19
17
15
5
4
3
12
17
8
22
15
8
24
10
18
14
15
12
6
15
21
10
4
18
10
17
16
6
10
8
3
15
17
19
2
22
4
0
24
17
10
21
17
9
24
14
18
17
19
24
1
15
12
11
2
1
17
15
24
19
15
7
17
15
19
17
15
17
6
8
4
9
8
3
2
22
14
15
22
15
17
19
24
21
17
20
8
4
15
3
5
2
11
17
24
1
24
11
8
5
3
20
21
10
4
2
4
21
12
19
24
17
9
8
9
24
17
10
21
20
16
20
17
3
15
17
15
7
10
21
24
5
17
3
5
19
15
22
20
21
2
10
20
18
8
4
0
8
22
17
15
19
20
16
12
8
22
8
22
8
22
16
22
8
22
8
22
13
16
22
16
22
16
0
17
16
22
16
7
15
3
10
7
15
15
7
15
22
15
19
17
15
4
23
8
4
15
4
19
15
4
15
4
19
15
4
22
15
19
17
15
17
19
2
17
15
17
21
10
18
8
20
15
11
12
2
13
