300
0.000996252
3
1
13
9
15
0
1
7
5
4
22
13
21
13
22
6
10
17
19
1
17
16
4
9
5
21
8
15
13
4
22
7
15
18
17
21
10
13
4
14
15
4
5
20
14
6
8
15
10
21
15
9
7
15
1
6
13
13
3
22
8
14
17
12
9
14
8
23
22
9
4
7
10
17
3
1
16
15
20
8
17
4
22
17
23
4
1
13
17
17
23
22
15
8
1
9
16
4
17
14
7
1
14
15
5
23
14
20
24
7
14
2
15
15
12
1
17
4
23
15
2
1
1
22
2
22
5
13
23
15
22
1
4
23
13
22
5
2
22
16
1
21
17
22
9
13
5
5
13
4
13
5
23
4
16
13
16
13
16
0
16
13
16
4
16
17
16
4
3
14
23
4
16
1
20
22
3
1
7
24
16
17
16
4
16
1
16
4
16
22
16
17
2
17
20
14
2
1
5
13
1
1
24
9
1
12
13
22
1
2
1
16
13
24
20
14
13
4
1
7
22
1
4
14
22
12
13
22
4
14
9
13
4
1
9
22
1
2
22
7
22
11
9
14
4
22
5
7
1
0
14
16
4
17
22
9
4
14
7
4
16
9
9
12
17
1
7
1
13
4
7
1
5
4
16
5
4
9
1
13
7
5
5
0
13
1
16
4
16
13
1
13
0
13
16
1
0
16
13
11
