500
0.00121929
6
14
23
17
6
7
3
11
18
10
6
21
3
12
9
11
4
22
20
6
11
18
13
24
3
19
12
20
15
0
24
12
0
5
24
7
20
5
19
7
4
19
24
15
16
21
20
6
2
22
20
7
3
24
6
24
16
9
0
21
19
9
17
3
20
2
22
5
20
21
9
14
21
8
19
0
13
16
24
21
8
9
23
12
23
5
20
4
16
20
12
24
0
7
24
4
19
23
14
2
23
14
7
20
23
19
16
20
15
23
20
7
16
0
20
15
24
19
13
21
23
2
6
12
0
13
15
14
23
2
23
2
23
22
23
9
6
24
21
1
20
12
23
22
20
21
23
22
17
15
0
23
17
1
14
19
0
0
21
8
9
24
7
20
1
6
2
0
21
9
17
15
21
17
17
20
2
24
23
14
19
17
22
8
23
17
24
24
14
5
20
23
19
18
15
24
2
17
18
20
24
19
18
8
17
0
1
20
2
0
2
23
22
23
19
8
19
24
0
15
19
22
20
21
0
0
23
15
24
9
17
1
20
15
14
19
21
1
17
1
14
21
17
21
17
0
23
14
23
9
23
19
23
20
23
0
1
20
23
0
23
19
14
0
17
20
19
17
14
24
24
21
19
21
20
21
24
20
24
0
21
20
14
14
19
1
20
0
0
2
17
21
0
5
0
19
8
23
5
23
21
0
1
19
17
21
17
1
21
19
5
0
14
23
17
23
19
23
2
17
5
19
8
23
14
17
0
0
19
14
0
17
23
5
0
19
23
19
5
0
17
23
19
23
14
14
19
0
8
23
0
19
19
0
0
17
23
19
8
14
17
0
19
0
14
19
17
23
17
0
23
19
8
0
17
0
23
8
23
17
8
23
17
23
8
17
0
0
17
8
17
19
19
23
17
17
19
19
0
0
17
23
19
19
17
0
19
19
8
23
0
23
0
17
19
0
19
17
0
23
0
17
19
19
0
0
23
17
23
0
19
23
0
19
19
23
0
0
19
23
19
0
19
0
19
23
0
23
19
19
23
0
19
19
23
0
23
19
0
23
0
0
23
0
19
0
19
0
19
23
19
23
19
23
19
23
19
23
19
23
19
23
19
23
19
23
19
23
19
23
19
23
19
23
19
23
19
23
19
23
