300
0.00103598
13
5
23
15
2
15
1
22
9
19
7
19
15
13
22
3
8
5
7
13
7
13
23
24
4
13
15
23
5
22
13
17
23
17
7
23
11
0
11
13
5
1
10
22
12
10
4
14
3
22
2
13
0
20
22
18
15
8
10
21
7
5
23
1
20
10
22
2
20
12
10
17
13
22
7
18
16
20
13
3
11
18
2
12
23
1
20
16
7
3
0
5
11
15
23
18
2
3
11
1
6
10
0
20
11
16
7
6
7
20
2
5
15
16
20
8
7
3
3
15
13
13
23
22
13
6
23
7
1
2
1
13
16
1
7
2
3
23
12
15
2
23
22
16
7
7
7
0
22
7
7
7
7
7
3
7
7
7
7
7
1
7
20
22
0
2
13
11
7
13
20
15
16
22
15
20
15
23
13
2
20
2
23
0
22
15
1
0
1
20
16
7
15
16
22
16
7
16
7
6
3
3
22
20
6
15
1
1
7
0
3
22
2
16
6
3
3
15
22
2
16
20
23
20
23
1
20
7
22
2
20
23
16
7
2
0
23
20
20
1
3
22
7
22
20
2
22
3
3
15
15
22
7
15
22
3
1
1
20
1
1
1
20
7
20
7
3
20
20
20
20
20
7
7
7
7
3
3
20
7
7
3
7
7
7
3
3
7
3
3
7
3
3
7
3
7
7
7
7
7
