300
0.000894463
0
16
5
13
4
4
0
11
11
8
19
3
1
19
8
0
0
7
14
8
18
14
22
12
13
21
0
4
24
22
15
22
8
5
24
7
5
22
12
16
0
16
20
9
0
22
19
6
11
3
18
14
0
3
7
16
5
18
3
5
11
19
23
24
5
11
12
22
3
17
5
12
4
16
12
7
3
11
1
18
11
17
12
5
3
12
4
3
2
22
12
10
19
5
18
2
12
24
3
4
12
12
17
19
12
12
22
13
12
12
14
2
12
12
19
13
5
22
14
24
2
5
17
14
12
18
23
4
3
16
12
6
14
19
19
14
10
3
5
17
1
12
19
18
14
24
3
19
3
16
19
14
5
5
3
4
3
4
1
24
22
5
14
4
4
1
14
4
4
14
5
17
4
5
16
5
4
1
24
22
5
14
24
6
4
5
24
4
12
16
6
14
12
4
6
4
24
22
4
1
4
17
12
24
22
14
6
5
5
5
14
6
14
12
5
17
17
12
6
5
16
5
5
12
5
6
14
14
12
6
17
17
5
12
14
5
12
6
14
16
5
5
6
12
5
14
6
14
5
16
5
16
5
12
12
5
16
5
16
5
5
16
12
12
5
5
5
12
12
5
5
12
5
12
5
12
5
5
12
5
12
5
12
5
12
5
12
5
5
12
5
12
5
12
5
12
5
5
12
12
