300
0.00103078
14
20
0
19
23
8
22
4
1
16
20
12
21
24
6
10
15
11
23
20
24
21
13
4
21
0
22
10
7
20
11
17
17
10
10
10
15
8
14
0
7
7
21
21
10
23
0
7
17
8
10
0
14
0
2
0
6
2
0
0
16
2
0
16
0
14
2
8
12
7
2
2
4
19
3
8
2
4
22
12
20
18
16
2
6
16
20
23
2
3
12
24
2
13
9
8
4
2
23
2
6
20
14
8
2
4
6
22
4
2
13
0
19
0
16
6
11
4
19
22
13
16
17
8
10
14
6
15
23
12
16
0
19
4
6
19
13
15
6
16
20
23
9
12
0
13
10
15
12
14
20
23
16
23
5
0
15
12
2
4
24
0
4
14
2
20
8
3
20
10
16
24
10
15
10
12
13
23
4
6
8
4
17
24
13
10
23
20
12
6
4
17
0
13
8
12
0
12
8
15
12
0
13
4
23
0
0
4
12
0
13
2
12
20
14
12
23
0
23
20
13
2
0
17
14
4
23
2
20
5
23
23
20
2
13
2
0
4
14
23
4
23
13
0
12
4
0
0
23
2
14
4
12
0
2
0
4
14
23
12
12
2
0
4
2
23
2
0
0
4
2
2
23
4
0
2
2
23
0
23
14
4
2
23
0
2
4
23
23
2
23
4
0
2
4
0
2
0
2
0
