406
0.000237211
0
5
9
5
2
5
4
0
1
4
2
6
9
0
4
1
0
4
4
2
1
4
0
5
4
0
5
4
0
9
9
0
5
9
0
5
4
1
0
6
4
1
9
4
2
9
6
2
9
4
5
9
5
0
1
9
9
4
0
6
4
1
9
5
4
0
5
9
4
4
0
6
4
9
0
4
1
4
1
9
1
0
9
1
4
6
9
9
5
0
9
9
0
1
4
9
5
9
4
5
9
1
0
9
5
0
4
4
9
6
9
4
1
4
6
0
1
9
9
4
9
6
9
9
9
4
0
9
1
0
4
1
9
0
1
4
1
0
9
1
9
9
0
9
1
0
4
1
4
1
4
9
1
4
4
1
9
4
1
9
4
1
0
9
4
0
9
4
0
9
9
4
9
4
4
1
9
9
1
0
1
4
9
1
0
1
4
0
9
4
9
4
0
1
4
1
4
4
1
4
9
4
4
0
1
9
9
0
4
9
1
9
9
0
9
9
4
0
9
1
9
0
1
9
0
1
4
0
1
9
0
9
1
4
9
9
9
4
9
9
9
0
1
4
1
9
9
9
4
0
4
1
9
0
9
4
9
0
9
1
9
0
9
9
4
4
9
4
0
1
9
9
9
1
9
0
1
4
9
1
9
0
4
4
9
4
0
9
9
0
1
4
0
9
9
9
1
9
1
9
9
4
1
9
0
4
1
4
9
9
1
4
9
9
0
4
1
0
1
9
1
0
9
1
4
4
1
0
9
1
0
1
9
0
9
1
9
9
0
9
9
9
0
9
9
9
0
9
9
0
9
9
0
9
9
9
9
0
9
9
0
9
9
9
0
9
9
9
9
9
9
9
0
9
9
9
9
0
9
9
9
9
0
9
9
0
9
9
0
9
9
9
9
9
0
9
9
9
0
9
9
0
9
9
0
9
