377
0.000314256
6
2
4
9
11
0
9
5
0
6
9
2
4
3
0
5
4
1
0
4
4
3
0
1
9
0
9
6
2
1
4
0
4
9
0
5
9
5
0
3
4
5
2
5
9
2
11
9
4
0
5
9
0
6
4
0
5
4
2
1
4
5
0
11
9
0
1
4
5
0
5
4
3
0
6
9
0
4
1
0
4
9
2
9
6
2
4
4
1
0
1
9
0
11
4
9
2
6
9
2
9
6
4
0
4
6
0
9
1
9
0
9
6
0
4
5
0
9
6
0
11
4
0
6
9
0
1
9
11
4
0
6
4
1
9
9
5
9
5
4
1
4
6
9
5
4
0
9
4
1
9
0
9
9
0
4
6
0
9
5
9
6
0
9
1
0
6
9
1
0
6
9
4
1
0
5
9
6
9
1
0
6
4
1
4
0
6
9
5
0
6
4
9
5
9
6
9
9
1
9
1
0
9
4
5
9
4
6
9
1
0
9
9
4
6
9
9
4
9
1
9
1
9
1
0
4
9
6
9
4
5
9
1
0
6
9
1
0
6
9
5
0
6
9
5
9
1
0
6
9
0
5
9
9
5
9
6
9
9
0
9
5
9
9
6
9
5
9
1
0
6
9
0
5
9
6
9
9
5
9
9
6
0
1
9
1
0
1
9
0
1
9
0
9
6
0
5
9
6
9
0
5
9
5
0
9
9
0
9
9
0
5
9
0
9
5
0
9
5
0
9
5
0
5
9
0
5
9
0
5
9
0
9
9
5
0
9
5
0
9
5
0
9
5
0
9
5
0
9
9
0
9
9
0
5
9
0
5
9
5
0
5
9
0
9
5
0
5
9
5
0
9
5
0
9
5
0
