373
0.000361128
0
10
4
2
10
4
0
4
10
0
6
9
0
1
9
10
8
9
10
0
9
4
8
9
6
0
9
1
0
9
4
5
0
9
6
4
0
9
6
0
5
9
0
10
4
1
0
9
5
0
5
4
1
0
9
4
0
4
9
0
5
9
0
4
4
0
1
4
0
9
5
0
4
9
0
10
4
0
6
9
0
9
5
0
4
4
0
9
1
0
4
6
0
9
10
0
9
5
0
5
9
0
4
10
0
9
6
4
0
1
9
0
1
9
5
0
5
9
0
9
4
0
4
1
0
9
5
9
0
4
6
9
0
1
9
6
0
9
5
0
4
9
0
4
4
0
9
9
0
4
1
0
1
4
0
1
9
5
0
6
4
9
0
6
9
0
9
4
5
0
5
4
0
9
6
0
9
10
0
4
9
0
4
10
4
0
4
5
0
9
9
0
4
4
0
9
4
5
0
5
4
0
4
9
0
10
4
0
1
4
0
4
1
0
4
10
0
5
4
0
9
9
0
1
9
0
10
4
0
5
9
0
10
9
4
0
10
4
0
4
9
4
0
6
4
0
10
4
0
9
4
0
1
9
1
0
9
10
0
9
10
0
9
6
0
9
9
0
1
9
10
0
10
9
0
10
9
1
0
6
9
9
0
10
9
6
0
1
9
6
0
1
9
0
6
9
0
1
9
6
9
1
9
9
1
0
6
9
10
0
10
9
0
6
9
0
9
9
10
9
0
6
9
0
1
9
6
0
9
10
0
6
9
0
1
9
1
0
1
9
6
0
9
10
0
6
9
0
10
9
6
9
0
9
6
9
0
9
6
0
9
10
0
6
9
0
9
9
9
0
9
6
0
