329
0.000288135
0
1
4
9
2
1
9
5
2
6
9
0
1
9
6
0
5
9
2
4
5
2
9
5
0
9
1
2
1
4
0
6
9
8
5
9
11
0
4
5
0
9
9
0
4
1
4
0
6
4
0
11
9
0
4
5
9
0
11
4
4
0
5
4
9
6
0
1
4
4
1
9
9
1
0
11
9
9
1
4
0
4
4
1
0
6
4
11
4
5
0
5
9
6
4
11
9
4
6
0
4
4
9
4
4
9
5
4
1
0
1
9
9
4
9
4
5
0
6
9
9
11
9
9
6
4
1
0
6
9
5
0
6
9
4
5
9
9
0
1
9
5
0
6
4
0
4
1
4
11
9
5
4
1
9
6
0
9
4
6
9
5
4
9
9
1
0
1
4
11
9
1
4
9
4
9
6
9
9
9
1
0
4
5
0
6
4
9
0
1
9
9
1
9
0
4
9
9
11
0
4
1
4
0
4
4
0
4
9
9
1
4
1
4
11
0
4
1
9
4
1
9
9
9
4
9
9
9
0
9
4
4
0
4
9
9
0
9
4
9
4
9
4
9
4
0
9
4
4
0
4
4
0
9
9
0
9
4
4
0
4
9
0
9
9
0
9
4
0
9
9
0
9
9
0
4
9
0
4
4
0
9
9
0
9
9
0
4
4
0
9
9
0
4
4
9
0
4
9
9
0
9
9
0
9
4
0
9
9
0
9
4
0
9
4
0
9
9
0
9
9
0
4
4
0
4
4
0
4
