381
0
10
0
5
4
1
4
3
0
4
4
9
6
0
3
9
10
4
0
4
9
10
4
6
9
4
0
9
9
7
4
1
0
10
4
4
0
6
4
10
9
6
4
9
4
10
0
1
9
1
0
9
7
0
6
4
10
0
4
4
0
10
4
1
4
0
1
4
1
4
1
4
10
0
10
9
7
0
6
4
1
9
7
4
1
9
10
9
4
1
4
10
0
4
7
9
0
1
9
10
0
10
9
4
6
0
4
1
4
0
4
7
0
9
9
1
9
4
7
9
4
6
0
10
9
9
4
10
0
7
4
10
4
10
9
4
0
10
9
9
1
0
1
4
10
0
9
9
9
1
4
10
9
1
4
9
1
9
10
4
10
9
4
1
9
1
4
4
9
10
4
10
9
10
4
4
1
4
10
9
9
10
4
10
4
10
4
1
4
4
9
4
10
4
4
10
4
4
10
9
4
10
9
9
9
10
9
4
4
1
9
10
4
10
4
9
9
1
9
1
4
9
4
4
1
4
4
1
4
9
9
4
4
9
10
4
1
9
4
4
1
4
1
4
1
9
10
4
10
4
10
9
1
4
4
9
9
4
4
10
9
10
4
9
4
4
10
4
4
9
9
4
10
4
9
10
9
10
9
9
4
9
10
4
9
4
4
9
10
4
9
9
9
4
10
9
4
9
9
10
4
9
4
10
9
9
9
10
4
9
4
4
9
4
4
9
9
9
9
9
9
4
4
9
9
9
4
9
4
4
9
4
9
4
9
4
4
9
4
9
9
4
9
9
9
4
4
9
9
9
9
4
9
9
9
4
9
9
9
9
9
9
9
9
9
9
9
9
9
9
9
9
9
9
9
9
9
9
9
9
9
9
