406
0.000305369
0
4
5
9
8
5
9
2
5
4
0
9
4
5
0
5
4
0
6
4
0
3
9
1
2
1
4
0
1
9
0
9
5
0
9
5
8
9
5
9
8
4
1
0
9
3
8
9
4
0
5
9
0
4
9
0
4
5
0
9
4
5
0
3
4
0
5
9
0
5
4
1
8
4
9
0
1
9
0
3
4
0
1
4
0
1
9
0
1
9
0
1
9
0
3
4
8
9
9
9
0
1
9
0
9
5
0
9
3
0
1
9
8
9
3
0
1
9
5
8
9
1
9
8
9
5
0
9
1
8
5
9
1
8
9
9
8
9
1
0
5
9
1
8
1
9
1
0
9
1
0
9
5
8
1
9
0
9
9
1
8
5
9
0
9
5
0
5
9
0
5
9
0
5
9
0
9
9
0
9
1
0
9
5
0
9
9
8
5
9
5
0
9
5
9
0
1
9
0
9
1
0
1
9
0
9
5
0
9
5
0
1
9
1
0
5
9
0
9
5
0
1
9
0
1
9
0
5
9
1
0
5
9
0
5
9
5
0
9
1
9
0
1
9
0
1
9
0
1
9
0
9
1
0
9
1
9
9
0
9
9
0
5
9
5
0
9
9
0
5
9
0
5
9
9
5
9
0
5
9
9
9
9
9
5
0
9
5
0
9
9
5
9
0
9
5
9
9
0
9
5
0
5
9
9
0
5
9
9
9
0
5
9
9
9
5
9
9
5
0
9
5
9
9
5
9
0
9
9
9
0
5
9
5
0
9
5
9
0
9
9
0
9
5
9
5
9
0
9
5
0
5
9
0
9
5
9
0
5
9
9
0
5
9
9
9
9
9
9
9
9
9
5
9
9
9
5
0
9
5
0
5
9
9
5
0
9
9
5
9
5
9
5
0
5
9
5
0
5
9
5
0
9
9
0
5
