325
0.000240797
11
4
9
5
4
1
8
7
9
4
5
9
0
4
6
2
7
4
9
0
5
9
6
8
1
4
7
0
5
9
1
9
7
8
9
9
6
8
9
7
9
4
6
0
4
5
2
5
4
0
5
9
2
9
3
8
6
9
5
4
0
1
9
4
8
1
9
0
5
4
0
7
4
1
9
1
0
9
7
4
1
0
9
6
0
9
9
1
9
0
9
6
9
4
5
9
0
1
9
7
0
5
9
9
6
9
0
9
7
9
6
0
4
1
0
9
9
1
9
0
6
9
0
1
9
9
0
9
1
9
6
9
0
9
6
0
5
9
6
9
5
0
5
9
6
9
9
1
9
5
0
6
9
1
9
5
9
9
9
1
0
6
9
0
9
9
5
9
5
0
5
9
9
1
0
1
9
9
1
0
1
9
0
9
5
9
5
0
1
9
1
0
5
9
0
9
5
0
1
9
1
9
0
5
9
1
0
5
9
5
9
5
0
9
1
9
0
1
9
0
1
9
0
1
9
0
9
1
0
9
1
9
5
9
5
9
5
9
5
0
1
9
1
0
5
9
1
0
5
9
5
9
5
0
5
9
9
0
9
1
0
1
9
0
9
9
5
0
9
1
0
1
9
9
9
1
9
0
1
9
9
1
0
9
5
0
9
1
0
9
9
0
1
9
9
9
9
5
9
9
5
0
9
5
9
9
5
9
0
9
9
9
0
5
9
5
0
9
5
9
0
9
9
9
5
