397
0
1
9
4
9
6
4
3
0
5
4
0
6
4
2
5
4
2
1
4
6
9
2
11
9
1
2
6
9
2
1
9
11
9
1
9
4
0
6
4
9
1
0
6
9
4
4
0
6
9
1
0
6
4
1
9
0
5
9
4
1
2
9
1
0
9
3
0
6
9
5
4
3
0
6
9
0
1
4
9
9
0
9
5
9
4
0
3
9
2
4
6
2
1
4
0
1
9
4
2
9
9
0
5
9
3
4
1
9
6
9
1
9
5
9
5
4
0
5
4
3
2
5
9
5
2
3
4
2
4
9
9
4
0
5
4
3
0
1
9
1
9
0
9
9
5
0
3
4
4
1
9
0
4
9
5
2
4
1
2
5
4
1
2
3
9
9
0
5
9
1
2
1
9
5
2
5
9
1
2
9
1
2
3
4
1
2
9
9
3
2
5
4
0
9
5
2
5
4
3
4
1
0
9
5
9
5
4
2
4
9
9
5
0
5
4
2
9
5
2
1
9
9
5
9
5
4
0
4
4
0
4
9
0
9
5
4
9
0
5
9
0
5
9
0
5
9
5
0
9
9
9
5
4
9
4
4
0
9
4
5
0
4
9
5
0
5
4
9
4
4
0
9
4
9
5
9
0
5
9
0
5
4
0
9
4
0
4
4
0
5
4
0
9
5
4
0
4
5
9
4
5
9
5
0
5
4
0
9
9
9
5
4
9
4
9
4
4
9
5
0
5
4
9
4
4
9
9
0
4
9
4
0
9
5
4
9
0
9
5
4
9
0
4
9
4
5
9
5
9
5
4
0
9
4
4
9
5
9
9
4
4
9
0
9
9
9
9
4
4
0
9
4
9
4
0
4
4
0
9
9
0
4
9
4
9
0
9
9
9
0
9
9
0
9
9
9
9
