358
0.000266733
9
1
4
0
7
4
1
4
0
5
9
6
0
5
9
1
4
6
9
1
8
1
4
9
0
5
4
9
8
4
1
0
9
9
1
9
0
9
6
9
9
1
8
4
1
4
5
9
8
6
9
4
5
9
5
0
9
4
8
9
1
0
6
9
9
4
6
9
5
4
9
0
9
5
0
9
9
8
1
4
5
0
1
4
1
4
5
9
9
4
9
9
5
9
1
4
0
5
4
0
9
5
0
5
4
1
4
5
9
9
0
1
4
4
9
0
1
4
5
9
9
9
9
4
9
0
1
9
5
0
1
9
4
1
4
4
9
9
9
1
9
1
9
9
9
5
0
9
5
9
0
9
5
9
0
5
9
0
5
9
0
9
5
0
9
9
0
5
9
0
1
9
0
9
9
1
0
1
9
0
9
5
0
9
5
9
0
1
9
9
0
9
5
0
5
9
0
9
1
0
5
9
0
1
9
0
5
9
0
1
9
0
1
9
0
1
9
5
0
1
9
0
9
9
0
5
9
1
0
5
9
1
0
1
9
0
5
9
1
9
9
1
9
1
9
0
1
9
1
0
1
9
1
9
5
0
9
1
9
1
0
5
9
5
0
5
9
5
0
9
1
0
9
5
9
5
9
5
0
5
9
0
1
9
1
0
1
9
1
9
5
0
1
9
5
0
1
9
5
9
1
0
1
9
0
1
9
9
5
9
0
1
9
9
9
5
9
1
9
9
1
0
5
9
9
1
9
0
5
9
9
1
0
1
9
9
0
1
9
0
9
9
0
1
9
1
0
9
9
0
9
9
0
9
9
9
0
9
