388
0
0
9
4
0
4
3
8
5
9
6
8
3
4
2
5
4
9
4
5
9
9
3
0
4
9
5
9
3
8
5
9
0
9
1
0
5
4
0
4
5
9
0
4
1
0
9
3
0
1
9
0
9
3
9
0
5
4
9
9
5
4
1
4
9
3
4
4
1
4
1
4
3
0
5
9
5
9
1
4
4
0
3
9
0
4
9
5
9
1
4
4
1
0
4
9
4
4
0
5
4
9
4
5
9
4
5
0
4
4
1
0
9
1
0
1
9
0
1
9
1
4
5
9
5
0
5
9
5
4
9
1
9
5
9
9
1
0
1
9
3
0
9
1
4
9
9
3
4
1
9
9
0
5
4
3
4
5
0
4
1
0
5
4
9
4
0
9
9
4
0
9
9
0
9
4
1
9
1
0
5
4
9
0
1
4
1
9
0
9
9
9
9
1
0
5
9
9
5
4
9
0
4
9
0
4
1
9
1
4
9
9
0
9
5
0
4
4
1
4
5
0
5
9
4
4
1
4
9
4
1
4
4
0
4
4
9
9
5
0
4
4
0
5
9
0
5
4
9
1
0
4
1
0
1
4
0
5
9
5
4
0
5
4
0
4
9
5
9
4
4
0
5
4
0
4
9
9
0
4
4
0
4
4
0
4
4
9
9
4
9
9
4
4
0
4
9
4
9
4
9
9
9
0
9
9
0
9
9
0
9
9
9
9
9
9
9
0
9
9
9
0
9
9
0
9
9
9
9
9
0
9
9
9
0
9
9
0
9
9
9
0
9
9
9
9
9
9
9
0
9
9
0
9
9
0
9
9
9
0
9
9
9
0
9
9
9
9
0
9
9
9
9
0
9
9
9
0
9
9
0
9
9
9
9
9
9
9
9
