376
0.000193648
0
5
9
5
0
4
1
0
5
9
0
5
9
4
0
1
4
0
5
9
0
9
1
4
0
1
4
9
0
4
9
0
9
4
0
9
9
0
4
9
0
9
4
9
0
9
9
9
0
9
9
0
9
9
0
9
9
0
4
4
0
9
9
4
0
4
9
0
9
9
0
9
4
0
9
9
0
4
4
0
9
9
4
0
9
4
4
0
9
4
0
4
9
0
9
4
0
4
4
9
0
4
4
9
0
9
4
9
0
9
9
0
9
9
0
4
9
0
9
4
0
9
4
0
9
9
0
4
4
0
9
9
0
4
9
9
0
4
9
0
4
4
9
4
0
4
9
0
4
4
0
9
4
9
0
4
4
9
4
4
9
9
9
4
0
4
4
0
9
9
9
0
9
4
4
0
4
9
0
4
9
0
9
4
9
4
9
4
9
0
4
4
9
9
0
9
4
0
9
9
9
9
4
0
4
9
4
4
0
4
9
4
4
0
4
9
9
9
4
9
0
4
9
0
4
9
4
4
9
0
9
4
0
9
4
0
4
4
0
9
4
9
0
4
9
0
9
4
0
9
9
0
4
4
9
9
9
0
4
4
0
9
4
9
9
4
9
0
4
9
9
9
9
9
4
9
9
0
4
9
0
9
9
0
9
4
0
4
9
0
4
4
0
4
4
0
9
9
9
0
9
9
0
9
9
9
9
0
9
9
9
0
9
9
0
9
9
9
9
9
9
0
9
9
0
9
9
9
0
9
9
9
9
0
9
9
9
0
9
9
0
9
9
0
9
9
0
9
9
0
9
9
9
0
9
9
9
0
9
9
0
9
9
0
9
9
0
9
9
0
9
9
0
9
9
0
