335
0.000232163
6
9
0
1
4
5
2
9
6
9
2
4
6
2
10
4
6
0
5
9
10
4
9
1
9
6
9
4
5
0
9
6
0
9
1
4
9
9
6
4
1
4
10
0
4
10
9
0
1
4
1
9
9
4
4
10
9
10
0
10
9
9
1
0
4
10
0
4
9
1
0
4
9
4
0
10
4
4
0
4
4
9
6
4
9
4
4
9
4
4
0
4
4
1
4
4
9
4
4
10
4
4
1
4
4
10
4
4
0
4
4
10
4
4
9
4
4
1
4
4
1
4
4
0
4
4
10
4
4
9
4
4
9
4
4
10
4
4
9
4
4
10
4
4
0
4
4
10
4
9
4
1
0
9
10
4
10
0
10
9
10
9
1
0
10
4
1
0
4
10
9
4
0
9
1
9
4
9
0
1
9
4
0
4
1
0
9
4
1
9
0
4
9
1
9
0
1
9
1
9
4
0
9
1
0
9
4
0
1
9
4
1
9
4
1
0
1
9
4
9
0
4
4
1
0
9
9
1
9
9
9
1
4
1
4
4
9
9
4
1
4
9
4
9
4
4
9
9
1
9
4
9
4
4
9
1
4
1
9
1
9
4
1
9
4
9
9
4
9
1
4
1
9
4
1
9
4
4
9
4
4
9
4
4
9
9
4
9
1
4
1
4
1
9
1
9
4
1
4
9
4
4
9
9
1
9
4
4
9
1
9
9
4
1
9
9
4
4
9
9
9
9
9
9
4
9
9
4
4
9
9
4
9
4
4
