356
0.000246003
9
2
1
4
9
6
4
9
5
9
0
3
9
5
4
0
1
4
5
2
11
4
6
9
9
9
5
0
5
4
2
11
9
4
0
1
4
4
3
9
6
2
4
9
6
9
5
4
0
5
9
0
9
5
0
6
4
9
9
6
2
5
9
1
0
11
4
5
0
9
4
5
0
11
4
4
2
1
4
9
5
9
4
4
2
9
1
0
4
5
0
1
9
9
1
9
11
9
4
4
2
5
9
11
2
4
1
9
1
0
5
9
11
9
4
0
5
9
9
0
9
11
4
4
1
9
2
4
5
9
5
0
11
9
9
2
5
4
9
4
9
4
4
11
4
4
9
4
4
2
4
5
9
4
4
0
4
4
11
4
4
0
4
4
9
1
9
1
9
11
0
4
4
2
1
9
5
2
4
1
0
11
4
4
0
9
1
0
4
4
1
4
0
1
4
5
9
4
2
5
4
9
4
9
2
5
4
1
4
0
9
4
0
9
5
9
1
0
5
4
9
5
4
2
4
4
2
9
11
0
9
4
1
9
4
0
1
9
4
1
0
9
4
1
0
4
9
11
2
1
4
1
4
0
11
4
1
2
4
4
0
4
9
1
0
11
9
2
9
1
0
1
9
4
11
2
1
4
4
0
4
1
0
1
9
0
4
1
0
4
9
1
4
0
1
4
1
9
0
9
4
2
1
4
9
0
4
4
9
9
4
9
4
4
9
9
4
4
9
4
9
4
4
9
9
4
9
4
9
9
9
4
4
9
9
9
9
9
9
4
4
9
9
4
4
9
9
4
9
4
9
4
4
9
4
4
