386
0.000345976
5
0
4
6
9
5
0
1
9
6
0
3
9
5
4
9
5
2
5
9
5
8
11
9
1
9
5
0
6
9
5
2
3
4
6
2
5
4
9
5
0
5
9
6
9
1
2
5
9
5
9
11
9
0
5
4
0
1
9
4
9
4
11
4
0
4
5
9
0
6
9
0
11
4
2
9
1
2
4
4
1
9
5
9
6
4
2
4
1
0
11
4
4
0
9
5
9
11
9
6
4
0
1
9
1
9
5
0
5
9
9
4
4
1
9
5
9
0
4
6
9
0
1
9
6
0
9
5
4
9
4
4
9
9
0
4
1
0
1
4
1
9
5
0
6
4
9
0
6
9
9
4
5
0
5
4
9
6
0
9
11
4
9
5
4
1
0
4
5
9
9
4
4
9
4
5
0
5
4
0
4
9
11
4
0
5
4
1
0
4
4
0
5
4
9
9
1
9
0
11
4
1
4
0
9
6
9
0
11
4
4
1
9
0
1
4
0
9
9
9
9
11
4
0
1
9
5
0
5
4
1
0
4
9
5
0
11
4
5
0
9
1
4
9
9
5
4
0
4
6
9
9
0
5
4
9
4
1
0
6
4
0
11
4
9
4
9
5
9
9
5
4
11
4
9
9
0
4
1
4
9
0
11
9
4
9
9
4
11
9
0
4
4
9
0
5
4
0
1
4
1
9
9
0
9
5
4
1
0
4
1
0
9
9
4
9
5
4
1
9
9
1
4
1
9
1
4
9
1
4
1
9
1
9
1
9
4
1
4
1
9
4
9
5
9
4
4
9
4
5
9
4
4
9
9
9
5
9
4
5
9
4
5
9
5
9
5
4
9
5
4
9
5
9
5
9
4
5
9
5
4
9
5
9
4
5
