325
0
0
9
4
0
4
3
8
5
9
6
8
9
5
4
2
9
9
4
5
2
6
9
5
2
9
6
9
2
5
4
2
1
9
4
1
0
9
1
2
6
9
0
9
1
0
9
4
1
0
4
1
9
9
5
0
6
4
0
9
1
4
9
1
2
6
9
2
4
9
1
4
0
1
4
4
1
9
1
4
9
4
1
0
9
4
1
4
6
9
1
0
9
1
4
9
1
0
1
4
4
1
0
4
4
0
4
1
9
9
1
0
9
4
0
4
9
0
1
9
9
4
4
9
0
1
4
1
4
0
4
4
9
0
9
9
9
1
9
1
9
0
9
1
4
9
9
4
9
0
9
4
4
0
1
4
4
9
0
1
4
9
4
0
9
4
9
9
9
4
1
9
9
0
9
9
9
4
9
9
4
0
9
4
0
9
9
4
4
1
0
9
9
1
0
4
4
1
0
4
4
9
0
9
9
4
0
4
9
4
0
4
4
9
9
0
9
9
4
4
0
4
4
9
0
4
9
4
9
9
0
4
4
0
9
9
9
0
4
9
4
0
9
4
9
9
4
4
9
9
4
9
4
4
9
4
4
9
9
4
9
4
4
9
4
9
9
4
9
9
9
4
9
4
4
9
9
9
4
4
9
4
4
9
4
4
9
9
4
9
9
4
9
4
4
9
9
9
4
4
9
9
9
4
9
9
4
4
9
9
9
9
9
9
9
9
9
9
9
9
9
9
9
9
9
9
