376
0.000353514
5
0
1
4
5
0
5
4
10
4
3
9
6
2
5
4
3
4
5
9
4
5
0
5
9
10
4
1
4
6
9
3
9
5
4
0
6
9
5
4
1
4
5
9
5
9
3
4
10
4
5
9
1
9
1
0
5
9
5
4
1
9
5
4
9
5
0
3
4
5
9
5
9
5
9
10
0
4
4
9
9
10
0
5
9
1
9
4
4
10
0
4
6
9
1
4
1
9
1
4
1
9
10
4
1
0
6
4
9
9
10
0
9
4
5
0
1
4
5
9
10
9
6
0
9
9
0
1
9
1
4
6
9
1
0
6
9
1
4
1
4
9
6
9
4
0
1
9
1
9
0
6
4
1
0
4
9
1
9
9
1
0
6
4
9
1
9
4
5
0
4
4
1
9
1
0
1
9
0
1
9
1
0
4
5
9
9
1
9
1
0
1
9
1
0
1
9
1
0
6
9
1
9
5
0
5
9
5
9
1
9
6
0
1
9
5
9
1
9
5
0
6
9
1
0
1
9
1
0
1
9
1
9
1
0
1
9
5
9
1
9
1
0
5
9
1
9
1
0
5
9
5
9
5
9
1
0
1
9
1
9
5
9
1
0
1
9
1
9
5
9
5
9
5
0
5
9
5
0
5
9
1
0
5
9
5
0
5
9
5
9
5
0
5
9
5
9
1
0
5
9
5
9
1
0
5
9
5
0
1
9
5
0
1
9
5
0
5
9
5
0
1
9
5
9
5
9
5
0
5
9
5
0
5
9
1
0
5
9
5
9
1
0
5
9
1
0
5
9
5
9
5
0
1
9
1
9
1
9
1
0
5
9
5
9
1
0
5
9
5
9
1
9
5
9
5
