370
0
4
1
4
2
9
6
2
4
4
3
2
5
4
0
6
9
1
2
6
4
0
4
1
4
1
0
5
9
6
0
4
1
2
3
4
1
0
5
4
9
2
9
4
3
9
4
0
5
9
0
1
4
5
2
4
9
6
2
4
5
0
9
4
2
1
9
6
0
4
5
2
3
9
1
4
5
0
6
9
2
3
9
0
1
4
6
0
4
4
0
9
9
0
3
9
5
0
4
5
2
3
4
0
9
1
9
6
9
5
4
0
3
9
2
1
9
2
9
1
0
9
5
4
2
5
9
3
9
4
5
2
1
4
5
2
3
9
4
4
9
9
4
5
9
0
1
4
0
9
4
9
4
3
9
9
9
4
9
9
3
9
4
2
4
1
2
3
4
4
0
1
4
2
4
9
0
4
9
1
4
2
4
1
9
1
4
3
9
0
9
4
9
9
1
0
3
4
1
9
1
0
1
9
9
1
9
0
9
9
9
9
9
9
9
0
9
9
0
9
9
0
9
9
0
9
9
9
0
9
9
0
9
9
9
0
9
9
0
9
9
0
9
9
9
0
9
9
9
9
0
9
9
9
0
9
9
0
9
9
0
9
9
0
9
9
0
9
9
0
9
9
0
9
9
0
9
9
0
9
9
0
9
9
9
9
0
9
9
0
9
9
0
9
9
0
9
9
0
9
9
9
0
9
9
9
0
9
9
0
9
9
9
9
9
9
9
9
9
9
9
9
9
9
9
9
9
9
9
9
9
9
9
9
9
9
9
9
9
9
9
9
9
9
9
9
9
9
9
9
9
9
9
9
9
9
9
9
9
9
9
9
9
9
9
9
9
9
9
9
9
