380
0.000336432
11
4
5
2
5
9
6
4
10
2
4
5
2
5
9
1
0
1
4
5
0
5
4
11
2
10
9
5
9
5
0
6
4
3
8
5
9
6
9
11
8
6
9
5
8
9
6
2
5
9
6
4
11
0
4
6
0
1
9
11
4
8
1
4
5
9
6
2
5
4
9
5
0
6
4
2
1
9
5
4
2
1
4
1
2
5
9
5
0
1
4
10
4
6
9
10
0
9
9
1
0
5
4
11
2
5
4
9
6
9
0
11
9
6
2
10
9
5
2
1
9
5
4
10
0
1
9
1
9
6
4
1
9
11
0
5
9
4
10
2
1
4
11
9
5
2
5
4
10
4
6
2
9
1
4
9
6
4
10
9
9
2
1
4
9
9
4
1
9
6
2
9
5
2
11
9
4
4
9
6
9
9
9
4
9
5
9
11
4
6
9
9
4
9
4
9
6
9
11
4
4
9
4
5
9
4
11
4
9
6
4
9
4
9
5
4
9
5
9
11
9
4
6
9
5
4
9
5
9
4
9
9
4
9
4
4
9
5
4
9
9
6
9
4
5
9
9
9
9
4
4
9
5
4
9
9
6
4
9
4
4
9
4
4
9
4
4
9
9
9
9
9
6
9
9
5
9
5
9
6
9
9
9
5
9
9
5
9
9
9
6
9
5
9
9
9
9
9
5
9
9
9
9
6
9
5
9
9
5
9
6
9
5
9
5
9
6
9
9
5
9
6
9
9
5
9
5
9
5
9
9
5
9
6
9
5
9
5
9
6
9
5
9
5
9
5
9
5
9
5
9
6
9
5
9
5
9
5
9
5
9
5
9
5
9
6
9
5
9
5
9
6
9
5
9
5
9
6
9
5
