308
0.000260297
6
2
4
9
10
0
3
4
5
2
6
4
1
0
3
4
6
9
1
0
4
4
3
0
9
6
0
5
9
6
0
3
4
1
9
5
0
1
4
6
2
9
9
10
4
4
0
6
9
5
2
6
4
1
4
2
6
4
1
9
6
9
1
0
1
9
6
4
1
0
6
4
1
2
9
9
6
9
2
9
6
4
9
5
9
4
6
2
10
4
0
6
9
5
4
9
10
9
4
6
9
0
5
9
5
4
9
5
4
0
5
9
4
5
0
6
9
0
9
4
4
9
6
4
9
0
4
6
9
5
4
0
5
9
5
0
4
4
0
6
9
4
9
6
0
4
5
9
6
4
9
5
0
5
9
6
0
9
9
5
0
5
9
6
0
5
9
5
9
5
9
5
9
6
9
9
9
6
9
5
9
9
9
6
9
5
9
9
6
9
5
9
6
9
9
9
6
9
9
5
9
6
9
5
9
5
9
9
6
9
5
9
6
9
5
9
6
9
5
9
9
6
9
9
9
6
9
5
9
6
9
9
5
9
5
9
9
5
9
6
9
9
9
6
9
9
9
9
6
9
9
9
6
9
9
9
6
9
9
9
9
6
9
9
9
6
9
9
9
9
9
6
9
9
9
6
9
9
9
9
6
9
9
9
6
9
9
9
6
9
9
9
6
9
9
9
9
6
9
9
9
9
9
6
9
9
9
6
