388
0
9
1
9
5
9
1
4
5
0
1
9
0
1
4
1
0
4
3
4
4
9
0
1
4
1
4
9
9
10
4
1
4
1
4
6
0
1
4
4
11
4
0
5
9
10
4
0
10
9
5
0
1
9
5
9
0
5
9
9
10
0
10
4
4
0
6
4
0
5
4
1
4
9
1
9
6
0
1
9
0
9
5
9
0
4
10
0
9
4
0
10
9
4
9
0
4
4
0
5
9
10
9
0
4
5
9
4
5
0
9
5
0
10
4
4
0
4
10
4
0
9
5
4
9
9
0
10
9
5
4
9
4
4
10
4
4
0
10
9
9
10
0
10
9
10
0
4
4
9
5
9
5
0
5
4
0
4
4
9
9
9
4
0
5
9
4
4
0
9
5
0
9
9
5
4
0
9
9
4
5
0
4
9
4
4
0
9
9
0
9
5
0
4
9
0
9
5
0
9
5
0
5
9
9
5
9
0
9
9
5
9
5
9
5
0
5
9
5
0
9
5
9
0
5
9
0
9
5
0
5
9
9
9
9
9
5
0
5
9
9
5
9
5
9
5
9
5
9
9
5
9
9
9
5
9
9
5
9
9
5
9
9
5
9
5
9
9
9
5
9
5
9
5
9
5
9
5
9
5
9
5
9
5
9
9
5
9
9
5
9
9
5
9
9
5
9
9
5
9
9
9
5
9
5
9
5
9
9
5
9
5
9
9
9
9
5
9
9
9
9
5
9
9
5
9
5
9
5
9
9
5
9
5
9
9
9
5
9
9
5
9
9
5
9
5
9
5
9
5
9
9
5
9
9
5
9
9
5
9
9
9
5
9
9
5
9
9
9
9
9
9
9
9
9
9
9
9
9
9
9
9
9
9
9
9
9
9
9
