389
0.0004698
6
4
2
11
4
4
2
6
9
4
2
4
3
4
5
2
9
5
9
0
5
9
3
2
4
1
2
9
7
9
2
6
4
2
7
9
1
0
4
4
11
0
6
4
2
5
4
0
7
4
0
5
9
0
11
4
8
9
1
0
9
4
1
0
7
4
1
2
4
9
5
2
4
9
3
2
5
4
1
2
9
3
0
4
5
0
9
7
4
9
5
0
4
1
2
7
9
5
4
0
9
1
9
11
2
9
4
9
4
9
11
4
4
2
5
4
2
9
4
2
11
9
5
0
4
9
7
0
5
4
2
4
11
0
1
4
9
0
4
5
0
4
5
9
4
7
9
5
9
5
4
9
11
0
1
9
5
4
3
0
9
4
0
4
1
4
5
9
5
4
3
4
5
9
9
4
5
9
1
9
4
9
11
4
9
9
5
9
9
9
3
9
1
9
9
9
3
4
4
9
4
5
9
7
4
9
5
9
1
4
5
9
1
4
11
4
5
9
1
9
7
9
9
5
9
4
11
4
5
9
1
9
4
9
7
4
9
1
9
4
5
9
4
9
5
9
7
4
1
4
4
9
7
9
4
9
5
9
7
4
1
9
5
4
1
4
7
9
4
4
1
4
7
9
5
9
9
5
4
9
7
4
9
9
5
4
1
9
1
9
7
4
1
4
4
1
4
5
9
5
9
5
9
4
1
4
4
9
9
5
9
5
9
4
7
9
5
4
9
9
7
4
9
4
4
9
4
9
5
4
1
4
7
9
4
1
4
9
7
9
1
4
4
9
4
9
7
4
9
1
9
5
9
1
9
7
9
5
9
5
4
1
4
7
9
4
4
9
9
7
9
9
9
9
9
7
9
9
9
9
9
7
9
9
9
9
9
9
7
