364
2.29894
7
4
2
5
4
9
7
4
9
4
1
4
7
9
6
4
9
4
7
9
5
9
9
9
7
9
1
9
9
9
7
9
1
9
10
4
7
9
5
9
9
9
7
9
5
9
4
0
7
9
9
9
9
9
3
4
5
9
9
9
4
9
5
4
11
4
9
9
5
9
7
4
9
9
9
9
9
7
4
9
1
4
2
7
4
10
4
4
10
4
7
9
5
9
1
4
7
0
4
5
2
5
9
7
9
4
4
1
4
7
0
1
4
0
9
7
9
5
9
4
1
4
7
2
9
9
9
0
7
9
10
9
10
0
7
9
5
9
9
9
3
9
9
9
10
9
7
9
10
9
10
2
7
9
4
0
4
4
9
9
7
9
4
9
9
4
9
4
2
7
4
10
9
9
5
4
11
2
5
4
9
4
7
9
4
4
9
4
11
4
1
4
9
9
7
9
4
9
4
9
3
4
1
9
0
4
7
9
5
4
1
9
7
9
5
0
4
4
3
9
4
1
9
9
7
9
9
9
9
4
7
2
4
9
4
9
7
9
1
4
0
4
7
9
1
9
5
9
7
9
4
5
9
1
9
7
4
1
0
5
9
7
9
9
9
10
9
11
4
10
9
5
9
3
4
9
9
5
9
7
0
5
4
1
4
10
4
3
9
5
9
5
4
3
4
4
9
5
4
11
4
4
1
4
5
9
7
4
10
9
4
4
3
4
1
9
9
9
9
7
4
9
5
9
9
7
9
9
5
4
9
3
2
5
9
0
4
3
4
5
9
4
4
3
0
5
4
9
9
3
9
9
4
4
9
7
4
9
9
9
4
7
9
4
