369
0.0298252
6
9
1
0
6
9
5
9
6
4
1
9
6
9
11
9
6
9
5
0
6
9
1
2
10
9
6
9
5
0
6
9
1
9
6
0
5
9
1
0
6
9
1
9
6
9
1
9
6
9
1
2
6
9
1
4
1
9
6
9
5
4
10
9
6
9
1
9
6
2
1
9
6
9
5
2
6
9
10
9
6
0
5
4
11
9
6
0
5
9
6
0
5
4
1
2
6
9
5
9
6
9
1
9
6
2
1
9
6
0
1
4
6
0
5
4
1
0
6
9
1
4
6
9
5
0
6
9
5
0
6
4
1
9
6
0
5
9
6
0
5
9
6
2
1
9
6
4
1
9
6
9
1
4
0
6
9
10
2
6
9
5
0
5
9
6
0
5
9
6
9
5
2
6
4
10
4
6
9
1
9
6
9
9
10
4
6
0
9
4
6
9
5
4
9
6
2
5
9
6
0
1
4
6
2
9
1
4
6
9
1
9
6
0
1
9
6
0
5
9
6
4
1
2
6
9
1
9
6
9
5
0
6
9
5
9
5
9
6
4
1
0
6
9
0
1
9
6
9
1
9
5
9
6
9
1
9
6
9
1
9
6
9
1
9
6
4
10
9
6
9
11
9
6
4
2
4
6
2
1
4
6
2
1
9
6
9
1
0
6
9
5
9
6
9
5
0
11
9
6
0
4
10
0
6
9
5
0
10
9
6
4
10
0
6
4
9
9
6
9
9
9
6
9
11
4
6
9
5
9
6
9
10
4
6
9
11
4
6
9
1
0
6
9
5
0
6
4
1
9
6
0
1
4
6
0
10
4
6
0
5
4
1
0
6
4
1
9
6
