375
0.000478535
10
2
4
1
0
3
4
6
0
5
9
3
4
9
2
5
9
9
0
6
9
11
0
6
9
5
9
11
4
9
9
1
9
5
4
3
4
5
9
2
4
10
9
6
0
5
9
6
0
7
4
10
9
0
9
10
4
7
9
0
9
10
2
7
4
10
9
9
6
9
4
10
0
11
4
2
9
9
2
9
7
0
4
4
0
1
9
7
9
4
4
10
9
1
4
5
9
1
9
7
0
9
9
10
2
7
9
4
4
1
0
5
9
7
9
10
9
5
2
7
4
10
2
1
9
2
9
7
9
2
9
1
9
7
4
2
4
9
2
7
9
5
4
1
9
2
5
4
9
1
4
5
9
4
2
4
1
4
1
2
7
4
2
1
4
5
2
4
4
2
7
9
1
4
5
2
5
4
1
4
4
1
4
4
1
4
4
1
4
4
1
4
4
1
4
1
9
5
2
1
9
5
9
5
2
5
9
4
5
2
7
4
2
1
4
5
9
1
4
4
9
5
9
5
9
4
5
9
5
4
9
7
4
1
9
5
4
9
1
9
7
4
9
1
9
5
4
9
4
5
9
5
9
7
4
1
4
5
9
1
4
5
9
5
9
5
9
4
5
9
9
9
7
9
1
9
4
4
9
5
9
1
4
4
9
7
4
1
9
5
4
1
4
4
1
9
1
9
5
4
1
4
5
9
5
9
7
9
9
1
9
1
4
1
9
7
4
1
4
1
4
7
9
1
4
4
1
9
7
9
4
4
1
4
5
9
7
9
9
4
4
9
9
1
9
7
4
1
4
1
9
7
9
4
4
9
4
1
4
9
9
1
4
7
9
1
9
9
5
4
1
4
1
4
5
