377
0.000275881
3
0
1
9
0
1
4
1
9
9
0
4
9
7
4
2
5
9
1
4
0
7
4
10
4
4
10
4
2
3
9
5
4
1
4
4
10
0
11
9
2
10
4
0
3
4
5
9
10
0
5
9
4
5
0
10
4
2
7
4
9
5
0
4
5
9
7
9
9
5
9
10
9
7
4
0
4
4
0
1
9
0
3
9
9
0
1
9
0
11
9
9
9
4
4
3
4
4
9
9
9
9
3
9
0
4
9
4
11
9
9
0
4
9
0
9
7
0
9
9
0
4
4
0
9
4
0
7
9
0
9
9
0
4
4
0
11
4
9
0
9
9
0
9
9
4
0
11
4
4
0
9
9
0
4
11
0
9
9
0
9
4
0
9
4
0
9
9
7
0
4
4
0
9
7
4
0
9
4
0
11
9
0
4
4
0
9
11
0
9
9
9
9
9
0
4
11
9
0
4
9
0
9
4
4
9
7
0
4
4
9
4
0
9
4
4
9
4
4
9
4
0
9
4
9
9
4
9
9
9
4
9
9
9
0
9
4
4
0
4
9
9
0
9
4
9
4
9
4
9
4
0
9
4
4
0
4
4
0
9
9
9
4
4
0
4
9
9
9
9
4
9
9
0
9
9
0
4
9
4
4
0
9
9
9
9
4
4
9
9
4
4
9
0
4
9
9
0
9
9
0
9
4
0
9
9
0
9
4
9
4
0
9
9
9
9
0
9
9
0
9
9
4
4
9
9
0
9
9
0
4
9
9
9
4
4
0
4
9
9
4
9
0
4
4
0
4
4
0
4
4
0
4
4
0
4
4
0
4
4
0
4
4
0
4
4
0
4
4
0
4
4
0
4
4
0
4
