366
0.00736732
7
4
9
9
9
0
7
9
5
0
10
9
7
4
10
0
5
9
7
4
9
5
4
9
7
9
1
4
9
5
4
9
7
2
9
5
9
5
2
7
4
9
0
5
9
5
0
5
9
7
9
5
9
5
9
7
9
5
9
9
5
2
7
9
5
4
1
4
7
9
5
2
5
4
9
4
7
9
5
9
5
9
7
4
1
9
9
1
9
7
0
5
9
5
0
7
9
5
9
5
9
7
9
1
9
10
9
7
0
5
9
5
0
5
9
1
4
7
2
9
4
0
1
4
5
2
7
9
4
9
10
4
7
0
5
9
5
0
7
9
5
0
10
9
4
10
4
7
2
9
4
1
4
5
0
4
7
0
10
4
0
1
9
10
9
7
0
5
4
1
9
7
9
5
2
5
9
5
4
10
9
7
4
10
4
9
4
9
0
7
4
9
1
4
0
7
9
5
4
1
4
5
9
7
0
5
4
1
9
7
9
9
5
9
1
9
5
9
7
9
2
9
1
4
1
9
7
9
5
9
5
4
9
7
9
5
9
5
9
7
9
4
9
5
9
7
0
5
9
5
9
7
9
9
1
9
1
9
7
0
5
9
5
9
7
4
9
10
9
1
4
7
9
4
9
5
9
7
4
1
4
1
4
7
9
9
9
1
9
7
4
10
0
5
9
7
9
5
9
5
0
7
9
4
2
5
9
7
9
5
9
9
9
7
4
0
5
4
9
7
9
4
9
9
5
9
7
9
0
9
5
0
7
9
5
0
5
9
5
9
7
0
5
9
5
0
5
9
5
9
5
9
5
9
7
0
5
9
5
0
7
9
9
5
9
5
