382
0
7
0
5
4
9
5
8
10
9
5
8
1
9
3
9
0
1
9
5
9
9
9
4
7
0
4
9
9
0
4
6
0
4
10
4
1
0
5
4
1
9
7
4
0
5
4
1
0
5
4
0
9
11
4
5
0
4
6
0
5
4
9
1
9
7
0
4
9
9
9
6
0
4
9
4
3
9
0
4
6
0
3
4
1
9
5
4
1
9
11
4
6
9
0
4
9
5
0
1
4
0
9
9
0
4
4
9
0
4
5
0
6
4
1
9
1
4
4
9
9
5
4
0
6
9
5
9
1
9
4
9
9
1
4
6
9
5
4
9
4
5
9
7
4
1
9
4
1
4
0
6
9
0
9
1
4
6
0
4
7
9
9
5
4
9
7
9
9
1
4
9
5
9
9
4
5
9
6
9
9
4
7
9
5
4
9
5
9
1
9
5
9
6
9
7
4
9
9
4
6
9
5
4
1
9
1
4
5
9
1
4
9
7
4
1
4
5
9
1
9
9
4
7
9
6
4
1
4
9
4
9
7
4
9
1
9
4
6
9
1
9
6
9
9
1
4
7
9
9
9
4
4
9
1
9
4
1
9
6
4
1
4
7
9
4
4
1
4
7
9
6
9
1
4
6
9
1
4
4
9
7
4
1
9
1
9
6
4
1
4
1
4
1
9
9
4
6
9
1
4
6
9
9
4
9
4
4
9
1
4
6
9
4
1
9
1
4
4
9
4
4
9
9
4
6
9
1
4
9
4
1
4
9
9
1
4
4
9
6
9
4
4
9
1
9
6
9
1
9
6
9
1
9
6
4
1
9
1
4
1
9
9
1
9
1
9
1
9
1
9
9
9
9
9
9
9
9
9
9
9
9
9
