408
0.00023936
1
9
6
8
10
4
4
10
9
0
10
4
11
8
6
9
0
1
4
5
9
11
4
8
10
9
4
10
8
1
9
11
9
9
5
0
1
4
11
0
5
4
0
10
4
8
9
6
4
0
4
6
0
9
9
0
7
9
6
4
9
5
0
6
9
4
7
0
4
6
0
1
4
3
0
4
5
0
5
9
0
5
9
4
5
0
7
9
4
5
0
6
9
1
9
5
9
5
0
1
9
0
1
9
4
7
0
1
4
1
4
9
7
4
0
5
9
1
0
7
9
6
0
1
9
6
4
0
9
1
9
3
0
6
4
0
1
4
6
9
9
0
3
9
4
6
9
4
0
4
1
4
7
9
1
9
5
9
7
9
4
4
9
4
6
9
1
4
9
3
9
1
9
9
4
1
9
3
9
1
9
1
9
1
4
1
9
3
9
1
4
5
9
6
4
1
4
1
4
1
9
1
9
7
9
5
9
1
9
1
9
1
4
1
4
1
4
1
4
9
4
6
9
7
4
1
9
6
9
1
9
4
4
9
7
9
9
4
9
9
6
4
1
4
7
9
9
9
6
4
1
9
6
9
9
1
9
9
4
9
9
1
9
6
4
9
4
7
9
6
4
1
4
4
1
4
6
9
7
9
4
4
1
9
7
9
6
4
1
4
9
4
4
1
4
6
9
1
9
4
4
1
4
1
4
7
9
6
9
4
9
6
9
1
9
1
9
1
9
7
9
1
9
6
9
1
9
6
9
9
7
9
6
9
9
9
6
9
7
9
1
9
6
9
9
7
9
1
9
9
6
9
7
9
1
9
6
9
1
9
9
9
7
9
1
9
9
9
1
9
9
7
9
9
9
9
9
9
9
7
9
1
9
1
9
7
9
1
9
1
9
1
9
7
9
9
9
1
9
1
9
9
9
1
9
9
9
7
