365
0.345983
7
4
0
9
5
4
0
3
4
4
9
4
9
7
0
5
9
9
9
7
4
1
4
0
4
5
0
7
9
0
5
9
9
7
0
4
4
0
4
7
9
1
4
9
0
7
4
0
4
4
0
7
4
0
5
4
0
7
4
9
4
4
1
0
7
9
1
4
5
9
7
9
4
5
9
9
7
9
5
9
4
9
7
0
5
9
4
0
9
3
9
0
9
1
0
7
9
5
4
0
4
1
0
4
7
0
5
9
1
0
7
4
9
5
4
0
4
4
9
4
7
9
9
5
9
9
7
4
9
9
9
0
7
4
9
0
4
1
4
7
0
9
4
4
0
7
4
9
5
9
9
7
9
9
0
9
4
0
7
4
9
0
5
4
0
7
9
0
9
4
0
9
9
7
0
5
4
0
9
7
9
5
0
5
9
5
9
3
0
1
9
1
0
4
3
0
9
4
0
9
7
9
5
0
5
9
7
0
5
4
0
4
7
9
9
9
9
4
9
9
7
0
5
9
9
9
4
9
7
4
9
5
4
9
7
9
4
4
1
9
7
9
9
5
0
4
7
9
4
0
5
9
7
0
1
4
5
0
7
4
0
5
4
9
7
0
5
9
5
0
7
4
0
5
4
0
3
9
4
2
5
9
7
9
4
4
1
4
9
7
0
5
9
5
0
9
7
4
0
9
9
4
5
0
7
9
9
9
0
4
7
0
4
9
4
9
7
0
4
4
0
5
4
3
9
4
5
9
9
11
4
5
0
9
4
7
0
5
4
9
9
7
4
9
4
1
9
4
7
9
5
4
9
4
3
0
1
9
9
4
9
9
7
9
5
