319
1.55899
1
0
7
4
10
9
5
2
5
9
5
4
10
9
5
9
5
4
1
9
1
0
5
4
1
4
5
0
5
9
6
0
1
4
5
0
11
4
6
9
5
4
11
0
1
9
1
9
5
4
10
4
1
0
5
9
10
0
5
9
6
0
7
4
1
9
1
9
1
9
7
9
5
9
1
9
5
4
11
0
5
9
5
9
1
4
1
9
1
9
1
9
6
9
5
9
1
0
6
9
5
0
5
4
1
4
11
9
1
4
1
9
1
4
1
0
1
9
10
9
10
9
10
9
10
9
1
0
1
9
1
0
1
9
5
4
1
4
1
0
1
9
5
4
1
4
1
0
1
9
5
4
1
0
1
4
1
4
1
9
1
9
1
0
1
9
1
4
5
0
1
9
6
4
1
0
1
4
1
4
1
9
1
0
1
4
1
0
1
4
1
9
1
4
1
9
1
9
1
9
1
4
6
9
1
4
11
4
1
4
1
9
1
9
1
9
7
9
1
9
1
4
1
9
5
9
1
9
1
4
5
9
6
9
1
9
1
4
7
9
5
4
1
9
5
9
1
9
5
9
1
9
7
4
1
9
1
9
6
9
1
9
1
9
1
9
5
9
1
9
5
9
5
9
7
9
5
9
5
9
5
9
5
9
5
9
5
9
5
9
5
9
5
9
5
9
5
9
6
9
1
9
6
9
5
9
1
9
6
9
5
9
5
9
5
9
6
9
5
