375
0.000462019
7
4
10
9
9
1
0
4
4
10
9
4
1
9
3
9
1
2
1
9
7
9
6
2
5
9
10
0
1
4
7
0
4
1
4
5
0
6
4
3
0
10
9
9
10
9
7
0
1
9
1
0
9
10
0
5
4
3
0
4
4
0
10
4
1
4
9
7
0
4
4
1
4
7
0
10
9
6
0
4
10
4
6
0
7
9
5
9
0
1
4
1
9
4
9
0
3
4
4
10
9
9
7
0
4
6
0
4
5
9
7
4
10
4
0
10
9
4
4
1
0
5
9
1
0
9
7
9
9
0
5
4
1
4
4
9
5
4
0
7
4
0
4
6
9
5
4
1
4
4
0
5
4
1
4
5
0
5
4
1
4
4
0
4
5
9
5
4
9
5
4
0
7
4
0
5
4
1
4
4
9
4
6
0
5
9
7
4
0
6
4
9
1
9
7
9
5
0
5
9
5
0
1
9
7
4
1
0
5
9
1
0
1
4
4
1
4
7
9
6
9
5
9
5
0
5
9
6
0
5
9
5
4
9
5
4
1
9
7
0
5
9
6
0
5
4
0
5
9
1
4
1
9
5
0
7
9
5
0
6
4
0
1
9
1
0
1
9
5
9
5
9
7
4
1
9
5
4
1
0
1
9
7
9
5
0
4
4
0
5
9
6
0
5
9
5
9
5
4
9
6
4
0
7
4
9
5
0
5
4
9
5
9
5
9
5
9
7
0
6
4
0
5
4
0
5
4
0
5
9
7
0
6
9
5
0
5
9
5
9
5
4
9
6
9
9
7
4
0
4
9
5
0
4
5
9
6
9
5
9
5
9
5
4
9
6
9
4
5
9
5
4
9
7
4
