599
0.0111106
7
4
1
0
10
4
5
9
7
4
1
4
0
4
7
9
4
9
4
1
4
7
0
9
4
0
1
4
7
0
4
5
0
9
1
9
9
7
9
5
8
10
4
7
9
9
4
10
9
9
5
9
9
7
0
4
10
0
1
4
4
11
4
9
9
8
1
4
0
7
9
5
0
1
9
7
0
1
9
5
0
7
4
9
4
5
0
5
9
1
9
7
9
9
0
5
9
1
9
7
8
9
5
9
8
4
9
9
7
4
1
4
0
4
5
0
7
9
5
0
5
9
7
4
1
9
9
5
0
9
1
0
4
7
9
5
4
0
1
4
9
7
9
2
5
4
0
7
4
0
5
4
1
0
7
4
1
4
9
5
0
1
4
4
0
9
4
0
7
9
9
1
4
0
7
4
0
5
4
0
7
9
5
0
9
5
2
7
9
5
9
4
0
7
9
0
9
5
0
4
7
0
5
4
9
0
3
4
5
9
5
0
7
9
1
9
5
9
7
0
4
1
0
9
7
0
9
4
8
1
9
11
9
4
1
0
9
11
9
0
4
1
9
7
9
9
1
0
5
9
7
9
5
4
9
9
7
8
9
9
5
9
0
7
9
0
5
9
4
9
0
7
9
5
0
9
5
0
7
9
0
5
9
4
7
0
9
9
9
1
9
1
9
7
4
1
4
1
0
7
4
0
4
5
0
9
7
4
1
4
5
9
7
9
5
4
1
9
7
9
5
9
1
4
9
7
9
9
9
4
1
9
7
8
10
9
5
0
7
4
9
9
5
0
5
4
9
10
9
7
4
0
5
4
0
5
4
9
7
0
1
9
5
9
9
7
9
9
5
9
0
1
9
9
7
0
4
5
0
4
4
1
0
7
9
5
0
5
4
0
5
4
9
7
4
1
0
4
1
9
0
7
9
0
1
4
0
4
9
7
0
9
5
0
9
7
0
5
9
0
9
5
4
1
9
7
0
5
9
0
9
7
9
9
5
4
0
7
4
9
1
9
2
9
7
0
9
9
9
5
9
7
9
5
9
5
9
9
4
7
9
5
8
9
9
7
2
1
9
0
9
9
0
7
9
0
9
9
5
0
7
9
0
4
5
0
5
9
4
7
9
5
0
5
9
7
0
5
4
9
9
0
7
9
4
5
9
8
9
7
0
5
4
1
9
7
4
9
9
9
9
1
9
0
7
9
9
9
9
1
4
7
0
9
5
9
5
0
7
4
1
4
10
9
0
7
9
9
5
0
5
9
5
0
9
7
0
9
5
9
5
0
9
7
0
9
5
0
9
5
9
9
7
0
9
5
0
1
9
9
0
7
4
10
0
9
4
7
9
5
4
9
9
9
0
9
7
4
1
