301
0
8
1
4
5
9
1
4
5
0
9
5
8
1
4
1
4
3
4
5
0
1
9
0
1
9
9
4
9
8
7
9
9
10
4
4
9
5
9
3
4
9
10
9
1
0
7
4
9
5
0
5
4
1
4
7
9
9
5
0
1
9
0
4
1
0
5
4
0
5
4
1
4
7
9
0
5
4
1
0
3
4
1
9
0
1
9
5
0
5
9
7
9
1
9
9
1
4
4
9
7
9
5
9
1
9
1
4
5
9
7
9
1
9
1
4
5
9
9
1
4
9
7
4
1
4
4
9
5
9
5
4
1
4
5
9
4
7
9
9
9
4
1
9
9
9
4
7
9
9
5
9
5
9
7
4
1
4
9
4
1
9
7
4
9
9
4
5
9
1
9
9
7
9
5
9
1
9
9
5
9
7
9
9
9
9
5
9
9
1
9
7
9
1
9
9
9
7
9
9
9
9
9
7
9
9
9
9
9
9
9
9
9
9
9
7
9
9
9
9
9
7
9
9
9
9
9
9
7
9
9
9
9
9
9
7
9
9
9
9
9
7
9
9
9
9
9
7
9
9
9
9
9
9
7
9
9
9
9
9
7
9
9
9
9
9
7
9
9
9
9
9
7
9
9
9
9
9
7
9
9
9
9
9
9
9
7
9
9
9
9
9
7
9
9
9
9
9
7
9
9
9
