247
0.000110116
4
4
3
4
4
9
4
4
0
5
4
2
4
4
1
4
4
9
4
4
1
4
4
2
4
4
1
4
4
0
4
4
1
4
4
2
4
4
1
4
4
9
4
4
0
4
4
9
4
4
9
4
4
0
4
4
1
4
4
2
4
4
1
4
4
1
4
4
2
4
4
1
9
9
4
9
2
9
9
9
2
4
4
9
9
4
9
9
2
4
9
2
9
9
4
4
2
4
9
2
4
4
9
2
9
4
9
2
9
4
2
4
4
2
9
4
4
2
4
9
2
9
9
2
4
9
4
9
4
2
9
9
2
4
4
9
9
4
4
2
9
9
4
9
9
2
9
9
2
4
9
2
9
4
2
4
9
9
2
4
4
2
9
4
9
2
9
9
9
2
4
9
2
4
4
9
9
2
9
4
4
2
4
9
9
4
4
9
4
4
9
9
9
4
2
9
9
9
9
2
4
4
9
9
4
2
4
4
2
4
4
2
4
4
2
4
4
2
4
4
2
4
4
2
4
4
2
4
4
2
4
4
2
4
4
2
4
4
2
4
4
2
4
4
2
4
4
