317
0.00022237
9
1
9
4
11
2
1
9
2
4
9
3
2
1
4
1
4
11
2
4
9
1
2
3
9
2
4
1
2
9
1
9
1
2
9
4
2
4
11
0
1
4
1
4
1
2
1
9
4
1
0
7
9
1
0
4
9
11
2
9
1
9
2
4
1
0
4
9
0
9
9
2
3
9
0
1
4
4
9
1
0
9
4
3
0
9
9
1
0
4
1
2
1
4
9
9
9
9
1
4
0
4
4
2
1
9
4
4
0
4
9
9
9
2
4
9
2
4
9
0
1
4
4
9
2
4
1
4
4
2
4
9
0
1
4
0
9
9
0
1
4
1
2
9
9
2
9
9
0
4
4
0
4
4
0
4
4
9
9
0
1
9
9
9
0
9
9
2
4
4
9
2
9
4
0
4
9
2
4
4
2
4
4
9
4
9
2
9
4
4
9
4
4
2
9
4
4
9
9
4
4
9
4
4
9
4
4
9
4
4
9
4
4
9
4
4
9
4
4
9
4
4
9
4
4
9
4
4
9
4
4
9
4
4
9
4
4
9
4
4
9
4
4
9
4
4
9
4
9
9
9
4
4
9
4
4
9
4
9
4
9
4
4
9
9
9
9
9
4
9
9
9
9
9
9
4
4
9
9
4
4
9
4
9
4
4
9
4
4
9
4
9
4
4
9
9
4
4
9
4
9
4
9
9
4
4
9
4
9
9
4
4
9
4
9
4
4
