352
0
5
4
0
9
6
4
9
8
5
9
5
4
2
6
4
0
1
4
10
2
10
9
9
0
1
4
2
6
4
9
1
9
10
8
6
9
8
9
10
0
5
9
6
9
0
1
9
4
5
9
4
5
9
10
4
5
2
1
9
4
1
4
4
9
0
1
9
0
4
1
0
1
4
10
9
1
9
0
1
9
0
4
10
0
5
4
10
0
1
4
2
9
4
9
5
2
4
9
2
5
9
0
10
9
9
10
2
10
4
4
1
2
10
9
9
2
9
4
2
1
4
1
9
5
2
10
4
10
4
5
2
4
9
4
1
9
2
4
9
5
2
10
9
9
2
9
1
9
4
5
2
9
9
2
10
4
10
2
9
5
2
9
10
2
4
5
2
10
4
4
9
9
4
9
10
2
9
10
9
2
5
4
2
10
9
2
9
4
2
10
9
2
9
9
2
10
9
9
9
2
10
9
2
9
10
9
2
9
5
2
10
9
2
10
9
10
2
9
9
9
2
5
9
2
9
5
9
9
2
9
9
9
2
9
9
9
9
9
9
9
9
9
9
9
9
9
9
9
9
9
9
9
9
9
9
9
9
9
9
9
9
9
9
9
9
9
9
9
9
9
9
9
9
9
9
9
9
9
9
9
9
9
9
9
9
9
9
9
9
9
9
9
9
9
9
9
9
9
9
9
9
9
9
9
9
9
9
9
9
9
9
9
9
9
9
9
9
9
9
9
9
9
9
9
9
9
9
9
9
9
9
9
9
9
9
9
9
9
9
9
9
9
9
9
9
9
9
9
9
9
9
9
