278
0
1
4
2
11
4
4
1
8
5
9
2
9
5
4
1
2
9
11
9
0
5
9
10
2
4
3
2
10
9
9
2
9
1
0
3
9
1
0
4
4
10
0
9
1
4
3
2
9
9
2
1
4
2
9
5
9
5
8
1
4
5
9
1
2
1
4
8
3
9
1
0
4
10
8
4
10
0
1
9
1
9
1
9
8
9
10
9
1
4
0
4
4
1
9
0
9
1
4
9
0
4
9
2
4
4
1
9
0
4
9
4
9
2
4
9
0
4
4
2
9
1
0
1
9
1
2
9
4
1
2
1
4
0
4
9
0
1
4
0
4
9
9
9
2
9
9
9
4
4
0
9
9
0
9
4
4
9
0
9
9
9
9
9
0
9
9
9
0
9
9
0
9
9
9
9
0
9
9
9
0
9
9
9
9
0
9
9
9
9
9
9
9
9
9
9
9
9
9
9
9
9
9
9
9
9
9
9
9
9
9
9
9
9
9
9
9
9
9
9
9
9
9
9
9
9
9
9
9
9
9
9
9
9
9
9
9
9
9
9
9
9
9
9
9
9
9
9
9
9
9
9
9
9
9
9
9
9
9
9
9
9
9
9
9
9
9
9
9
9
9
9
9
9
9
9
9
9
9
