330
0
0
3
9
9
0
4
5
0
5
9
5
4
2
6
4
0
1
4
10
2
10
9
9
0
1
4
2
6
4
9
1
9
10
8
6
9
1
9
9
5
4
9
1
9
9
4
1
9
0
4
9
9
2
5
4
2
5
9
4
1
2
5
9
2
5
4
1
0
5
4
0
1
4
1
9
1
9
9
5
9
5
9
5
0
4
5
2
1
4
2
4
4
2
1
9
4
1
0
4
4
1
2
4
4
1
9
1
9
5
9
9
9
9
9
4
9
5
9
4
0
5
4
9
1
0
1
4
1
4
1
9
1
0
5
4
9
4
1
9
4
9
9
1
4
5
9
0
4
9
5
4
1
4
4
9
5
9
4
5
9
1
4
9
1
4
4
1
9
5
9
5
9
5
9
1
9
5
9
9
1
9
5
9
9
5
9
9
5
9
9
1
9
5
9
5
9
5
9
1
9
9
9
1
9
9
9
9
9
9
9
9
9
9
9
9
9
9
9
9
9
9
9
9
9
9
9
9
9
9
9
9
9
9
9
9
9
9
9
9
9
9
9
9
9
9
9
9
9
9
9
9
9
9
9
9
9
9
9
9
9
9
9
9
9
9
9
9
9
9
9
9
9
9
9
9
9
9
9
9
9
9
9
9
9
9
9
9
9
9
9
9
9
9
9
9
9
9
9
9
9
9
9
9
9
9
9
9
9
9
9
9
9
9
9
9
9
9
9
9
9
9
9
9
9
9
9
9
9
9
9
