318
0
1
9
4
10
2
11
9
9
1
4
9
11
4
0
5
4
1
2
9
5
9
2
10
9
9
1
4
3
4
2
1
9
1
4
3
0
4
4
9
2
4
4
9
1
4
5
9
4
10
0
9
1
4
3
9
5
9
9
5
2
4
9
0
1
9
1
0
5
9
5
4
0
1
4
4
2
1
4
9
1
0
9
4
4
0
1
9
9
2
9
1
9
4
5
9
0
9
1
4
9
9
0
4
4
9
0
1
9
0
9
5
9
5
9
0
5
9
1
4
4
1
4
4
0
4
4
0
1
9
4
9
5
9
0
1
4
0
1
9
1
9
1
4
9
9
9
2
5
9
0
5
4
9
9
0
9
5
9
9
5
4
0
9
9
9
4
0
9
5
2
5
4
9
9
2
5
9
4
4
0
9
9
9
5
4
9
9
9
0
9
5
4
0
5
4
9
4
0
4
5
9
0
9
5
9
0
5
4
9
9
9
0
4
9
5
9
9
5
0
9
9
9
5
9
5
4
0
4
4
0
4
9
0
9
5
4
9
0
5
9
0
5
9
0
5
9
5
0
9
9
9
5
4
9
4
4
0
9
4
5
0
4
4
0
9
9
4
9
0
9
4
9
0
9
4
9
0
4
9
0
4
4
0
4
9
4
0
9
4
4
0
4
4
0
4
4
9
4
0
9
4
0
4
4
0
4
9
0
9
9
9
9
9
9
9
9
9
9
