352
0
10
0
10
9
4
6
9
9
3
4
8
9
1
4
2
10
9
9
8
4
1
9
1
2
4
6
9
5
4
2
5
9
5
0
1
4
9
6
4
9
1
4
1
0
1
9
2
6
4
11
2
9
4
6
2
5
4
9
2
5
4
9
8
9
1
4
5
9
2
4
1
9
1
9
2
6
9
2
1
9
1
4
5
9
2
4
6
9
9
9
5
9
1
4
9
5
2
6
4
2
9
1
4
2
9
4
1
9
9
5
2
9
1
2
1
9
1
2
4
5
2
6
9
2
9
6
9
5
4
9
6
9
1
9
5
9
1
9
9
5
4
9
9
4
9
4
9
9
4
1
9
1
9
6
4
1
4
1
9
9
4
4
1
4
5
9
1
9
5
9
5
9
1
9
1
9
9
4
4
1
4
5
9
5
4
9
6
9
5
9
6
9
5
9
5
9
5
9
5
9
5
9
1
9
5
9
9
1
9
1
9
1
9
9
1
9
5
9
5
9
5
9
9
1
9
5
9
9
9
1
9
1
9
9
9
9
1
9
9
9
9
9
5
9
9
5
9
9
9
5
9
5
9
5
9
5
9
9
5
9
5
9
5
9
9
9
5
9
9
9
5
9
5
9
5
9
9
5
9
5
9
5
9
5
9
5
9
5
9
9
5
9
5
9
5
9
9
5
9
9
9
9
5
9
9
5
9
5
9
9
9
9
9
9
9
9
9
9
9
9
9
9
9
9
9
9
9
9
9
9
9
9
9
9
9
9
9
9
9
9
9
9
9
9
9
9
9
9
9
9
9
9
