352
0
11
9
5
9
4
6
2
9
5
2
3
9
4
9
5
9
0
11
9
1
9
0
6
9
2
5
4
2
6
9
2
4
6
0
9
4
4
1
4
1
9
0
4
9
9
0
9
5
4
3
9
0
4
5
0
5
4
1
2
9
9
0
5
4
0
4
9
2
3
9
0
9
4
2
4
3
4
4
1
0
5
4
2
4
9
4
4
2
4
1
0
1
9
4
4
0
9
1
2
1
4
9
1
4
1
2
4
1
2
1
4
0
4
1
9
2
4
1
2
1
4
4
2
4
1
4
1
0
4
9
2
1
9
9
9
1
2
9
4
4
0
4
4
2
4
9
2
4
9
9
2
9
9
0
9
9
4
2
4
4
0
4
4
0
4
4
9
0
9
4
4
2
4
4
2
4
9
9
2
4
4
0
4
9
4
9
2
9
4
9
9
4
2
9
4
0
9
4
0
4
4
0
4
4
9
0
4
4
0
9
9
4
4
0
9
4
4
0
9
4
2
4
4
0
9
4
9
4
0
9
9
2
9
9
4
2
9
9
4
4
2
4
4
2
9
4
2
9
4
2
9
4
2
9
9
9
9
4
2
4
9
4
9
2
9
9
9
4
4
9
4
9
4
9
9
9
9
4
4
9
9
9
9
4
4
9
4
4
9
9
9
9
9
4
4
9
9
9
4
4
9
9
9
9
4
4
9
9
9
4
4
9
9
4
4
9
4
4
9
9
4
9
4
9
9
4
4
9
9
4
4
9
9
9
9
9
4
9
4
9
9
9
9
4
9
9
4
9
9
4
4
9
