Version identifier: 22.1.0.0 | 2022-03-09 | 1a383f8ce
CPXPARAM_Threads                                 1
CPXPARAM_MIP_Strategy_VariableSelect             3
CPXPARAM_TimeLimit                               584.44842498200001
Tried aggregator 1 time.
MIP Presolve eliminated 16 rows and 0 columns.
Reduced MIP has 4504 rows, 10000 columns, and 86714 nonzeros.
Reduced MIP has 10000 binaries, 0 generals, 0 SOSs, and 0 indicators.
Presolve time = 0.05 sec. (41.13 ticks)
Probing time = 0.01 sec. (4.39 ticks)
Tried aggregator 1 time.
Detecting symmetries...
Reduced MIP has 4504 rows, 10000 columns, and 86714 nonzeros.
Reduced MIP has 10000 binaries, 0 generals, 0 SOSs, and 0 indicators.
Presolve time = 0.06 sec. (52.26 ticks)
Probing time = 0.01 sec. (4.39 ticks)
Clique table members: 3490.
MIP emphasis: balance optimality and feasibility.
MIP search method: dynamic search.
Parallel mode: none, using 1 thread.
Root relaxation solution time = 2.15 sec. (2009.98 ticks)

        Nodes                                         Cuts/
   Node  Left     Objective  IInf  Best Integer    Best Bound    ItCnt     Gap

      0     0        0.0000  2165                      0.0000     6653         
      0     0        0.0000   468                    Cuts: 28     9327         
      0     0        0.0000   421                    Cuts: 13    11034         
      0     0        0.0000   628                   Cuts: 142    15091         
      0     0        0.0000   161                    Cuts: 23    16705         
      0     0        0.0000   185                    Cuts: 85    19141         
      0     2        0.0000    77                      0.0000    19141         
Elapsed time = 110.18 sec. (99920.19 ticks, tree = 0.01 MB, solutions = 0)
      1     3        0.0000   356                      0.0000    33812         
      2     4        0.0000   524                      0.0000    39152         
      3     5        0.0000   353                      0.0000    39621         
      4     6        0.0000   307                      0.0000    40732         
      5     7        0.0000   481                      0.0000    47715         
      6     8        0.0000   314                      0.0000    47930         
      7     9        0.0000   324                      0.0000    52565         
      8    10        0.0000   305                      0.0000    52981         
      9    11        0.0000   318                      0.0000    54391         
     11    13        0.0000   657                      0.0000    58525         
Elapsed time = 131.30 sec. (119135.15 ticks, tree = 0.04 MB, solutions = 0)
     13    15        0.0000   403                      0.0000    64079         
     14    16        0.0000   635                      0.0000    75640         
     16    18        0.0000   424                      0.0000    79141         
     18    20        0.0000   429                      0.0000    80355         
     20    22        0.0000   482                      0.0000    80892         
     22    24        0.0000   521                      0.0000    82816         
     24    26        0.0000   455                      0.0000    84291         
     25    27        0.0000   851                      0.0000    89358         
     27    29        0.0000   507                      0.0000    89538         
     28    30        0.0000   639                      0.0000    91905         
Elapsed time = 154.11 sec. (139380.05 ticks, tree = 0.46 MB, solutions = 0)
     30    32        0.0000   708                      0.0000    95308         
     32    34        0.0000   508                      0.0000    97272         
     34    36        0.0000   533                      0.0000    97652         
     36    38        0.0000   568                      0.0000    99751         
     38    40        0.0000   510                      0.0000   101449         
     39    41        0.0000   619                      0.0000   103313         
     41    43        0.0000   596                      0.0000   104878         
     43    45        0.0000   607                      0.0000   106190         
     45    47        0.0000   570                      0.0000   108189         
     47    49        0.0000   511                      0.0000   109558         
Elapsed time = 175.47 sec. (158163.36 ticks, tree = 1.21 MB, solutions = 0)
     49    51        0.0000   640                      0.0000   112228         
     51    53        0.0000   582                      0.0000   114908         
     53    55        0.0000   707                      0.0000   117365         
     56    58        0.0000   513                      0.0000   119939         
     58    60        0.0000   535                      0.0000   123729         
     60    62        0.0000   530                      0.0000   127413         
     63    65        0.0000   516                      0.0000   137656         
     64    66        0.0000   709                      0.0000   140344         
     66    68        0.0000   515                      0.0000   140856         
     68    70        0.0000   515                      0.0000   142063         
Elapsed time = 204.08 sec. (183188.33 ticks, tree = 2.01 MB, solutions = 0)
     70    72        0.0000   667                      0.0000   148058         
     72    74        0.0000   710                      0.0000   152858         
     74    76        0.0000   607                      0.0000   154387         
     76    78        0.0000   619                      0.0000   155707         
     78    80        0.0000   599                      0.0000   157938         
     80    82        0.0000   511                      0.0000   158410         
     82    84        0.0000   491                      0.0000   159684         
     84    86        0.0000   514                      0.0000   160803         
     86    88        0.0000   508                      0.0000   164246         
     88    90        0.0000   557                      0.0000   166880         
Elapsed time = 226.54 sec. (203080.43 ticks, tree = 2.70 MB, solutions = 0)
     90    92        0.0000   546                      0.0000   168900         
     92    94        0.0000   603                      0.0000   171875         
     94    96        0.0000   691                      0.0000   178388         
     96    98        0.0000   998                      0.0000   183729         
     98   100        0.0000   799                      0.0000   185902         
    100   102        0.0000   646                      0.0000   186665         
    101   103        0.0000   650                      0.0000   188303         
    103   105        0.0000   695                      0.0000   190731         
    105   107        0.0000   676                      0.0000   193293         
    106   108        0.0000   744                      0.0000   195155         
Elapsed time = 249.31 sec. (223124.55 ticks, tree = 3.42 MB, solutions = 0)
    108   110        0.0000   672                      0.0000   196240         
    110   112        0.0000   710                      0.0000   197303         
    111   113        0.0000   758                      0.0000   199471         
    113   115        0.0000   657                      0.0000   200297         
    114   116        0.0000   678                      0.0000   201870         
    116   118        0.0000   683                      0.0000   203991         
    118   120        0.0000   702                      0.0000   206294         
    120   122        0.0000   700                      0.0000   208575         
    122   124        0.0000   991                      0.0000   222620         
    124   126        0.0000   649                      0.0000   224678         
Elapsed time = 272.84 sec. (243990.93 ticks, tree = 4.10 MB, solutions = 0)
    125   127        0.0000   783                      0.0000   227337         
    127   129        0.0000   646                      0.0000   228277         
    128   130        0.0000   943                      0.0000   235581         
    130   132        0.0000   724                      0.0000   236958         
    132   134        0.0000   619                      0.0000   238220         
    134   136        0.0000   640                      0.0000   238817         
    135   137        0.0000   733                      0.0000   241435         
    137   139        0.0000   831                      0.0000   245592         
    139   141        0.0000   771                      0.0000   248401         
    140   142        0.0000   622                      0.0000   248533         
Elapsed time = 294.31 sec. (262654.36 ticks, tree = 4.64 MB, solutions = 0)
    141   143        0.0000   763                      0.0000   250869         
    143   145        0.0000   630                      0.0000   252671         
    145   147        0.0000   693                      0.0000   255012         
    146   148        0.0000   644                      0.0000   256509         
    147   149        0.0000   748                      0.0000   258976         
    149   151        0.0000   698                      0.0000   261385         
    151   153        0.0000   693                      0.0000   270262         
    153   155        0.0000   653                      0.0000   271653         
    155   157        0.0000   754                      0.0000   275485         
    157   159        0.0000   666                      0.0000   278167         
Elapsed time = 314.54 sec. (280681.86 ticks, tree = 5.27 MB, solutions = 0)
    159   161        0.0000   729                      0.0000   280829         
    160   162        0.0000   623                      0.0000   280949         
    161   163        0.0000   655                      0.0000   282846         
    163   165        0.0000   853                      0.0000   285880         
    165   167        0.0000   661                      0.0000   288543         
    167   169        0.0000   740                      0.0000   291853         
    169   171        0.0000   612                      0.0000   294561         
    171   173        0.0000   607                      0.0000   295130         
    172   174        0.0000   883                      0.0000   298146         
    176   178        0.0000   629                      0.0000   303311         
Elapsed time = 337.12 sec. (300367.94 ticks, tree = 6.07 MB, solutions = 0)
    180   182        0.0000   795                      0.0000   310973         
    186   188        0.0000   772                      0.0000   313453         
    189   191        0.0000   834                      0.0000   320550         
    194   196        0.0000   811                      0.0000   324585         
    199   201        0.0000   873                      0.0000   328182         
    204   206        0.0000   787                      0.0000   331613         
    209   211        0.0000  1020                      0.0000   338644         
    215   217        0.0000   794                      0.0000   342609         
    219   221        0.0000   883                      0.0000   350225         
    221   223        0.0000   833                      0.0000   353266         
Elapsed time = 388.21 sec. (345411.65 ticks, tree = 7.83 MB, solutions = 0)
    225   227        0.0000   903                      0.0000   358199         
    230   232        0.0000   778                      0.0000   362709         
    235   237        0.0000   870                      0.0000   367689         
    239   241        0.0000   892                      0.0000   372988         
    244   246        0.0000   916                      0.0000   380124         
    248   250        0.0000   921                      0.0000   389397         
    252   254        0.0000   786                      0.0000   396125         
    256   258        0.0000   937                      0.0000   403440         
    260   262        0.0000   691                      0.0000   409850         
    265   267        0.0000   898                      0.0000   416552         
Elapsed time = 464.73 sec. (412239.98 ticks, tree = 9.52 MB, solutions = 0)
    269   271        0.0000   941                      0.0000   421581         
    274   276        0.0000   973                      0.0000   424987         
    278   280        0.0000  1030                      0.0000   430335         
    283   285        0.0000   953                      0.0000   437218         
    288   290        0.0000   992                      0.0000   444785         
    293   295        0.0000  1044                      0.0000   451891         
    299   301        0.0000   872                      0.0000   458533         
    303   305        0.0000   844                      0.0000   460736         
    310   312        0.0000   894                      0.0000   468052         
    316   318        0.0000   925                      0.0000   475634         
Elapsed time = 514.12 sec. (456139.23 ticks, tree = 11.56 MB, solutions = 0)
    320   322        0.0000   812                      0.0000   485137         
    323   325        0.0000   885                      0.0000   494377         
    329   331        0.0000  1076                      0.0000   502218         
    333   335        0.0000  1028                      0.0000   510165         
    338   340        0.0000   829                      0.0000   515784         
    343   345        0.0000   930                      0.0000   523910         
    347   349        0.0000  1046                      0.0000   532575         
    351   353        0.0000  1061                      0.0000   540867         
    355   357        0.0000  1005                      0.0000   550749         
    359   361        0.0000   977                      0.0000   557423         
Elapsed time = 567.71 sec. (503642.21 ticks, tree = 13.13 MB, solutions = 0)
    361   363        0.0000   849                      0.0000   559940         
    365   367        0.0000  1005                      0.0000   566214         
    369   371        0.0000   855                      0.0000   572464         

Clique cuts applied:  103
Zero-half cuts applied:  37

Root node processing (before b&c):
  Real time             =  110.12 sec. (99880.45 ticks)
Sequential b&c:
  Real time             =  474.34 sec. (418425.98 ticks)
                          ------------
Total (root+branch&cut) =  584.45 sec. (518306.43 ticks)
Primal:	475
Dual:	499
Status:	Feasible
Time:	584.508
Sequence:
	0
