Version identifier: 22.1.0.0 | 2022-03-09 | 1a383f8ce
CPXPARAM_Threads                                 1
CPXPARAM_MIP_Strategy_VariableSelect             3
CPXPARAM_TimeLimit                               595.91609373300003
Tried aggregator 1 time.
MIP Presolve eliminated 20 rows and 0 columns.
Reduced MIP has 2700 rows, 6000 columns, and 61372 nonzeros.
Reduced MIP has 6000 binaries, 0 generals, 0 SOSs, and 0 indicators.
Presolve time = 0.04 sec. (28.38 ticks)
Probing time = 0.01 sec. (3.76 ticks)
Tried aggregator 1 time.
Detecting symmetries...
Reduced MIP has 2700 rows, 6000 columns, and 61372 nonzeros.
Reduced MIP has 6000 binaries, 0 generals, 0 SOSs, and 0 indicators.
Presolve time = 0.04 sec. (35.91 ticks)
Probing time = 0.01 sec. (3.76 ticks)
Clique table members: 1492.
MIP emphasis: balance optimality and feasibility.
MIP search method: dynamic search.
Parallel mode: none, using 1 thread.
Root relaxation solution time = 0.97 sec. (913.55 ticks)

        Nodes                                         Cuts/
   Node  Left     Objective  IInf  Best Integer    Best Bound    ItCnt     Gap

      0     0        0.0000  1251                      0.0000     4042         
      0     0        0.0000   651                    Cuts: 55     7057         
      0     0        0.0000   364                  Cliques: 4     8502         
      0     0        0.0000   321                  Cliques: 2     8777         
      0     0        0.0000   746                   Cuts: 196    11682         
      0     0        0.0000   199                  Cliques: 4    12020         
      0     0        0.0000   485                    Cuts: 85    14501         
      0     2        0.0000   210                      0.0000    14501         
Elapsed time = 43.44 sec. (41489.33 ticks, tree = 0.01 MB, solutions = 0)
      1     3        0.0000   320                      0.0000    26962         
      2     4        0.0000   768                      0.0000    32589         
      3     5        0.0000   589                      0.0000    37531         
      4     6        0.0000   304                      0.0000    37807         
      5     7        0.0000   304                      0.0000    38324         
      6     8        0.0000   317                      0.0000    38619         
      7     9        0.0000   336                      0.0000    40435         
      8    10        0.0000   366                      0.0000    40535         
      9    11        0.0000   569                      0.0000    43109         
     13    15        0.0000   344                      0.0000    45012         
Elapsed time = 55.98 sec. (53176.15 ticks, tree = 0.23 MB, solutions = 0)
     14    16        0.0000   427                      0.0000    49730         
     17    19        0.0000   513                      0.0000    56303         
     19    21        0.0000   399                      0.0000    61370         
     21    23        0.0000   358                      0.0000    61952         
     23    25        0.0000   494                      0.0000    65227         
     27    29        0.0000   534                      0.0000    70313         
     30    32        0.0000   321                      0.0000    72389         
     33    35        0.0000   599                      0.0000    82496         
     35    37        0.0000   478                      0.0000    93026         
     39    41        0.0000   280                      0.0000    94097         
Elapsed time = 72.20 sec. (68030.41 ticks, tree = 0.87 MB, solutions = 0)
     43    45        0.0000   391                      0.0000    99379         
     46    48        0.0000   204                      0.0000   103014         
     48    50        0.0000   229                      0.0000   108317         
     52    54        0.0000   176                      0.0000   111071         
     56    58        0.0000   178                      0.0000   115012         
     58    60        0.0000   677                      0.0000   122247         
     60    62        0.0000   306                      0.0000   126092         
     63    65        0.0000   319                      0.0000   130513         
     67    69        0.0000   235                      0.0000   134046         
     69    71        0.0000   213                      0.0000   137934         
Elapsed time = 88.42 sec. (83200.75 ticks, tree = 1.54 MB, solutions = 0)
     71    73        0.0000   224                      0.0000   139970         
     73    75        0.0000   396                      0.0000   143525         
     77    79        0.0000   203                      0.0000   144160         
     80    82        0.0000   224                      0.0000   145979         
     83    85        0.0000   195                      0.0000   148425         
     86    88        0.0000   206                      0.0000   150057         
     90    92        0.0000   569                      0.0000   154540         
     93    95        0.0000   206                      0.0000   156318         
     94    96        0.0000   220                      0.0000   159430         
     97    99        0.0000   543                      0.0000   166187         
Elapsed time = 103.21 sec. (96645.30 ticks, tree = 2.19 MB, solutions = 0)
     99   101        0.0000   209                      0.0000   168208         
    101   103        0.0000   246                      0.0000   172984         
    104   106        0.0000   183                      0.0000   174593         
    107   109        0.0000   517                      0.0000   179939         
    110   112        0.0000   184                      0.0000   182206         
    113   115        0.0000   223                      0.0000   185468         
    117   119        0.0000   183                      0.0000   192681         
    120   122        0.0000   262                      0.0000   194907         
    122   124        0.0000   502                      0.0000   200587         
    125   127        0.0000   565                      0.0000   207236         
Elapsed time = 120.34 sec. (112081.09 ticks, tree = 2.81 MB, solutions = 0)
    129   131        0.0000   345                      0.0000   224030         
    131   133        0.0000   341                      0.0000   228322         
    133   135        0.0000   228                      0.0000   236893         
    134   136        0.0000   318                      0.0000   242703         
    138   140        0.0000   174                      0.0000   245403         
    143   145        0.0000   449                      0.0000   255377         
    146   148        0.0000   197                      0.0000   258548         
    148   150        0.0000   426                      0.0000   263295         
    150   152        0.0000   141                      0.0000   263473         
    153   155        0.0000   199                      0.0000   265404         
Elapsed time = 138.79 sec. (128297.26 ticks, tree = 3.33 MB, solutions = 0)
    157   159        0.0000   148                      0.0000   266426         
    160   162        0.0000   313                      0.0000   268996         
    163   165        0.0000   165                      0.0000   270561         
    165   167        0.0000   163                      0.0000   273765         
    167   169        0.0000   155                      0.0000   277048         
    170   172        0.0000   255                      0.0000   281740         
    174   176        0.0000   139                      0.0000   283164         
    177   179        0.0000   397                      0.0000   286485         
    179   181        0.0000   403                      0.0000   290302         
    180   182        0.0000   189                      0.0000   290328         
Elapsed time = 155.61 sec. (143219.79 ticks, tree = 4.02 MB, solutions = 0)
    184   186        0.0000   112                      0.0000   292804         
    187   189        0.0000   245                      0.0000   294854         
    190   192        0.0000   234                      0.0000   297491         
    193   195        0.0000   269                      0.0000   299594         
    195   195    infeasible                            0.0000   308199         
    199   199        0.0000   303                      0.0000   312107         
    202   202        0.0000   180                      0.0000   314097         
    205   205        0.0000   231                      0.0000   316389         
    209   209        0.0000   315                      0.0000   319916         
    211   211        0.0000   298                      0.0000   323707         
Elapsed time = 170.13 sec. (156063.47 ticks, tree = 4.71 MB, solutions = 0)
    213   213        0.0000   271                      0.0000   327106         
    215   215        0.0000   317                      0.0000   329932         
    217   217        0.0000   276                      0.0000   333002         
    222   222        0.0000   236                      0.0000   335852         
    224   224        0.0000   262                      0.0000   340157         
    226   224    infeasible                            0.0000   345009         
    228   226        0.0000   330                      0.0000   350058         
    232   230        0.0000   311                      0.0000   357042         
    235   233        0.0000   195                      0.0000   359613         
    237   235        0.0000   194                      0.0000   363280         
Elapsed time = 184.24 sec. (168440.36 ticks, tree = 5.33 MB, solutions = 0)
    240   236    infeasible                            0.0000   367064         
    243   237    infeasible                            0.0000   373847         
    247   241        0.0000   268                      0.0000   379511         
    250   244        0.0000   222                      0.0000   381713         
    252   244        0.0000   202                      0.0000   387213         
    253   245        0.0000   232                      0.0000   390951         
    256   248        0.0000   192                      0.0000   393051         
    258   248        0.0000   189                      0.0000   398760         
    260   250        0.0000   193                      0.0000   402443         
    269   255    infeasible                            0.0000   416727         
Elapsed time = 201.27 sec. (183293.06 ticks, tree = 5.80 MB, solutions = 0)
    276   260        0.0000   198                      0.0000   430728         
    285   265        0.0000   252                      0.0000   443686         
    295   275        0.0000   267                      0.0000   456057         
    303   279    infeasible                            0.0000   476956         
    311   279    infeasible                            0.0000   496549         
    317   281        0.0000   245                      0.0000   516395         
    325   283    infeasible                            0.0000   535361         
    333   289        0.0000   391                      0.0000   552683         
    341   291        0.0000   202                      0.0000   572625         
    351   295    infeasible                            0.0000   590796         
Elapsed time = 250.70 sec. (226270.46 ticks, tree = 6.71 MB, solutions = 0)
    359   303        0.0000   121                      0.0000   594205         
    367   307    infeasible                            0.0000   607403         
    377   313        0.0000    93                      0.0000   622084         
    386   318        0.0000   101                      0.0000   636945         
    395   323        0.0000   124                      0.0000   651580         
    404   328        0.0000   114                      0.0000   666229         
    414   330        0.0000   117                      0.0000   682491         
    422   334        0.0000   107                      0.0000   694144         
    432   336    infeasible                            0.0000   711422         
    436   338        0.0000   265                      0.0000   723070         
Elapsed time = 296.81 sec. (267028.73 ticks, tree = 7.75 MB, solutions = 0)
    450   348    infeasible                            0.0000   733946         
    465   357    infeasible                            0.0000   745555         
    475   357        0.0000   290                      0.0000   761393         
    486   360    infeasible                            0.0000   779827         
    498   370        0.0000   230                      0.0000   791312         
    508   368        0.0000   385                      0.0000   811018         
    515   371    infeasible                            0.0000   826327         
    521   375    infeasible                            0.0000   837863         
    531   379    infeasible                            0.0000   852112         
    539   381        0.0000   344                      0.0000   870670         
Elapsed time = 344.55 sec. (308249.45 ticks, tree = 8.83 MB, solutions = 0)
    551   391        0.0000   232                      0.0000   882352         
    561   395    infeasible                            0.0000   897629         
    572   400        0.0000   238                      0.0000   912683         
    585   407    infeasible                            0.0000   928012         
    596   414        0.0000   212                      0.0000   942622         
    605   415    infeasible                            0.0000   957394         
    618   418    infeasible                            0.0000   973067         
    632   418    infeasible                            0.0000   989871         
    643   417        0.0000   349                      0.0000  1005840         
    650   422        0.0000   304                      0.0000  1020058         
Elapsed time = 390.82 sec. (348002.14 ticks, tree = 9.87 MB, solutions = 0)
    659   423    infeasible                            0.0000  1038666         
    667   429        0.0000   302                      0.0000  1053629         
    675   433        0.0000   289                      0.0000  1068074         
    688   428    infeasible                            0.0000  1089041         
    694   434        0.0000   343                      0.0000  1100148         
    699   439        0.0000   427                      0.0000  1113911         
    706   446        0.0000   356                      0.0000  1124928         
    714   452    infeasible                            0.0000  1150277         
    720   452    infeasible                            0.0000  1169500         
    727   453    infeasible                            0.0000  1190747         
Elapsed time = 438.77 sec. (389574.76 ticks, tree = 10.63 MB, solutions = 0)
    735   459        0.0000   278                      0.0000  1202410         
    741   459    infeasible                            0.0000  1221178         
    748   464        0.0000   211                      0.0000  1235671         
    754   464        0.0000   223                      0.0000  1252373         
    761   465        0.0000   221                      0.0000  1267307         
    777   465    infeasible                            0.0000  1281275         
    793   465        0.0000   290                      0.0000  1293340         
    810   478        0.0000   282                      0.0000  1298253         
    829   487        0.0000   230                      0.0000  1309918         
    847   497        0.0000   276                      0.0000  1317909         
Elapsed time = 483.57 sec. (429825.08 ticks, tree = 11.72 MB, solutions = 0)
    860   502        0.0000   232                      0.0000  1330116         
    880   502        0.0000   201                      0.0000  1343050         
    897   505        0.0000   171                      0.0000  1357264         
    917   505    infeasible                            0.0000  1373535         
    931   507        0.0000   440                      0.0000  1392199         
    941   515        0.0000   391                      0.0000  1401744         
    960   516    infeasible                            0.0000  1413355         
    978   522    infeasible                            0.0000  1421524         
    991   527        0.0000   303                      0.0000  1433867         
   1010   534        0.0000   322                      0.0000  1444193         
Elapsed time = 527.81 sec. (470290.25 ticks, tree = 12.68 MB, solutions = 0)
   1037   543        0.0000   250                      0.0000  1453695         
   1062   550        0.0000   143                      0.0000  1465096         
   1090   555    infeasible                            0.0000  1477697         
   1113   560    infeasible                            0.0000  1489435         
   1135   562        0.0000   160                      0.0000  1501614         
   1160   569        0.0000   156                      0.0000  1513052         
   1179   578        0.0000   286                      0.0000  1522681         
   1202   583        0.0000   322                      0.0000  1531326         
   1224   591        0.0000   293                      0.0000  1541355         
   1247   594        0.0000   167                      0.0000  1556552         
Elapsed time = 572.44 sec. (509932.50 ticks, tree = 14.20 MB, solutions = 0)
   1275   597        0.0000   175                      0.0000  1567413         
   1302   600    infeasible                            0.0000  1579440         
   1324   600    infeasible                            0.0000  1595220         
   1346   606        0.0000   167                      0.0000  1608217         
   1370   612        0.0000   153                      0.0000  1619875         

Clique cuts applied:  207
Zero-half cuts applied:  28

Root node processing (before b&c):
  Real time             =   43.40 sec. (41457.99 ticks)
Sequential b&c:
  Real time             =  552.52 sec. (489286.25 ticks)
                          ------------
Total (root+branch&cut) =  595.92 sec. (530744.24 ticks)
Primal:	280
Dual:	299
Status:	Feasible
Time:	595.955
Sequence:
	0
