Version identifier: 22.1.0.0 | 2022-03-09 | 1a383f8ce
CPXPARAM_Threads                                 1
CPXPARAM_MIP_Strategy_VariableSelect             3
CPXPARAM_TimeLimit                               591.43081895199998
Tried aggregator 1 time.
MIP Presolve eliminated 13 rows and 0 columns.
Reduced MIP has 2411 rows, 9600 columns, and 108126 nonzeros.
Reduced MIP has 9600 binaries, 0 generals, 0 SOSs, and 0 indicators.
Presolve time = 0.07 sec. (52.66 ticks)
Probing time = 0.01 sec. (7.28 ticks)
Tried aggregator 1 time.
Detecting symmetries...
Reduced MIP has 2411 rows, 9600 columns, and 108126 nonzeros.
Reduced MIP has 9600 binaries, 0 generals, 0 SOSs, and 0 indicators.
Presolve time = 0.09 sec. (64.80 ticks)
Probing time = 0.01 sec. (7.28 ticks)
Clique table members: 1594.
MIP emphasis: balance optimality and feasibility.
MIP search method: dynamic search.
Parallel mode: none, using 1 thread.
Root relaxation solution time = 3.31 sec. (3635.05 ticks)

        Nodes                                         Cuts/
   Node  Left     Objective  IInf  Best Integer    Best Bound    ItCnt     Gap

      0     0        0.0000  1867                      0.0000     7698         
      0     0        0.0000  1028                  Cliques: 2    13235         
      0     0        0.0000   433                  Cliques: 3    13769         
      0     0        0.0000   600                    Cuts: 97    22323         
      0     0        0.0000   366                  Cliques: 5    23356         
      0     0        0.0000   488                    Cuts: 49    29758         
      0     2        0.0000   321                      0.0000    29758         
Elapsed time = 90.53 sec. (99391.39 ticks, tree = 0.01 MB, solutions = 0)
      2     2        0.0000   525                      0.0000    36930         
      3     3        0.0000   552                      0.0000    44049         
      4     4        0.0000   497                      0.0000    44996         
      5     5        0.0000   598                      0.0000    60027         
      6     6        0.0000   485                      0.0000    60365         
      7     7        0.0000   605                      0.0000    65984         
      8     8        0.0000   542                      0.0000    73230         
      9     9        0.0000   535                      0.0000    79754         
     10    10        0.0000   546                      0.0000    80857         
     12    12        0.0000   537                      0.0000    82545         
Elapsed time = 121.68 sec. (132226.79 ticks, tree = 0.15 MB, solutions = 0)
     14    14        0.0000   528                      0.0000    83587         
     15    14        0.0000   508                      0.0000    92216         
     17    15        0.0000   511                      0.0000    96355         
     18    15        0.0000   684                      0.0000   102338         
     21    18        0.0000   563                      0.0000   107596         
     23    19        0.0000   698                      0.0000   126243         
     25    21        0.0000   644                      0.0000   137790         
     27    23        0.0000   479                      0.0000   146203         
     29    25        0.0000   487                      0.0000   147447         
     30    26        0.0000   460                      0.0000   150651         
Elapsed time = 151.43 sec. (162751.25 ticks, tree = 0.45 MB, solutions = 0)
     31    27        0.0000   481                      0.0000   154198         
     33    29        0.0000   519                      0.0000   158856         
     35    31        0.0000   458                      0.0000   163135         
     37    33        0.0000   456                      0.0000   164783         
     39    35        0.0000   455                      0.0000   171992         
     40    36        0.0000   450                      0.0000   172084         
     42    38        0.0000   488                      0.0000   175117         
     44    40        0.0000   502                      0.0000   180077         
     47    43        0.0000   444                      0.0000   181630         
     48    44        0.0000   427                      0.0000   186317         
Elapsed time = 165.40 sec. (176494.90 ticks, tree = 0.86 MB, solutions = 0)
     49    45        0.0000   392                      0.0000   190576         
     51    47        0.0000   467                      0.0000   196687         
     54    50        0.0000   357                      0.0000   197603         
     56    51        0.0000   512                      0.0000   203423         
     57    52        0.0000   395                      0.0000   205688         
     58    53        0.0000   425                      0.0000   216490         
     61    55        0.0000   454                      0.0000   220934         
     63    57        0.0000   391                      0.0000   222530         
     64    58        0.0000   439                      0.0000   229144         
     67    61        0.0000   380                      0.0000   230348         
Elapsed time = 180.04 sec. (191540.24 ticks, tree = 1.24 MB, solutions = 0)
     69    63        0.0000   581                      0.0000   247726         
     70    64        0.0000   496                      0.0000   261870         
     71    65        0.0000   563                      0.0000   270028         
     73    66        0.0000   682                      0.0000   273970         
     75    68        0.0000   805                      0.0000   275526         
     77    70        0.0000   680                      0.0000   286242         
     78    71        0.0000   544                      0.0000   288419         
     79    71        0.0000   530                      0.0000   300680         
     80    72        0.0000   531                      0.0000   300683         
     81    73        0.0000   680                      0.0000   308581         
Elapsed time = 220.45 sec. (233773.52 ticks, tree = 1.46 MB, solutions = 0)
     83    74        0.0000   808                      0.0000   310382         
     85    76        0.0000   864                      0.0000   314255         
     87    78        0.0000   521                      0.0000   315035         
     89    78    infeasible                            0.0000   320099         
     90    79        0.0000   509                      0.0000   320481         
     91    80        0.0000   524                      0.0000   327102         
     93    81        0.0000   581                      0.0000   336006         
     95    83        0.0000   621                      0.0000   344711         
     97    85        0.0000   527                      0.0000   352732         
     99    87        0.0000   935                      0.0000   364388         
Elapsed time = 245.16 sec. (258920.16 ticks, tree = 1.64 MB, solutions = 0)
    101    89        0.0000   604                      0.0000   381370         
    103    90        0.0000   692                      0.0000   409800         
    105    92        0.0000   610                      0.0000   415717         
    106    93        0.0000   400                      0.0000   422124         
    107    94        0.0000   457                      0.0000   425464         
    109    96        0.0000   513                      0.0000   433713         
    111    98        0.0000   424                      0.0000   436029         
    113   100        0.0000   393                      0.0000   438577         
    115   102        0.0000   361                      0.0000   443320         
    116   103        0.0000   392                      0.0000   447933         
Elapsed time = 266.58 sec. (279740.92 ticks, tree = 1.71 MB, solutions = 0)
    118   105        0.0000   376                      0.0000   453172         
    120   107        0.0000   365                      0.0000   453434         
    123   110        0.0000   328                      0.0000   457787         
    124   111        0.0000   510                      0.0000   464892         
    127   114        0.0000   324                      0.0000   465792         
    129   116        0.0000   335                      0.0000   470335         
    131   118        0.0000   396                      0.0000   475956         
    134   121        0.0000   307                      0.0000   477802         
    136   123        0.0000   437                      0.0000   482462         
    138   125        0.0000   324                      0.0000   486656         
Elapsed time = 299.38 sec. (312920.62 ticks, tree = 1.79 MB, solutions = 0)
    140   127        0.0000   349                      0.0000   490201         
    142   129        0.0000   295                      0.0000   493827         
    144   131        0.0000   313                      0.0000   495994         
    146   133        0.0000   309                      0.0000   498939         
    147   134        0.0000   471                      0.0000   505580         
    148   135        0.0000   429                      0.0000   507522         
    150   137        0.0000   453                      0.0000   513048         
    152   139        0.0000   534                      0.0000   518838         
    155   142        0.0000   309                      0.0000   519622         
    156   143        0.0000   451                      0.0000   524869         
Elapsed time = 318.49 sec. (332928.01 ticks, tree = 1.87 MB, solutions = 0)
    158   145        0.0000   564                      0.0000   531643         
    160   147        0.0000   321                      0.0000   534613         
    162   149        0.0000   401                      0.0000   540999         
    164   151        0.0000   407                      0.0000   545113         
    167   153        0.0000   573                      0.0000   552725         
    169   155        0.0000   441                      0.0000   559747         
    170   155        0.0000   435                      0.0000   567122         
    174   157        0.0000   542                      0.0000   571756         
    177   160        0.0000   460                      0.0000   575166         
    184   167        0.0000   437                      0.0000   588285         
Elapsed time = 342.04 sec. (357265.32 ticks, tree = 1.96 MB, solutions = 0)
    193   176        0.0000   378                      0.0000   598399         
    195   178        0.0000   549                      0.0000   613518         
    200   183        0.0000   724                      0.0000   640797         
    202   185        0.0000   676                      0.0000   652033         
    203   186        0.0000   539                      0.0000   665426         
    210   193        0.0000   495                      0.0000   678428         
    216   199        0.0000   416                      0.0000   694858         
    223   206        0.0000   346                      0.0000   707818         
    229   212        0.0000   321                      0.0000   719989         
    235   218        0.0000   312                      0.0000   730862         
Elapsed time = 391.09 sec. (406513.98 ticks, tree = 2.17 MB, solutions = 0)
    239   222        0.0000   416                      0.0000   747899         
    243   226        0.0000   465                      0.0000   762466         
    248   227    infeasible                            0.0000   779236         
    249   228        0.0000   501                      0.0000   786989         
    255   234        0.0000   489                      0.0000   794827         
    260   239        0.0000   472                      0.0000   799511         
    266   245        0.0000   423                      0.0000   815888         
    272   251        0.0000   354                      0.0000   832449         
    279   258        0.0000   443                      0.0000   844486         
    283   262        0.0000   283                      0.0000   852707         
Elapsed time = 446.29 sec. (461369.39 ticks, tree = 2.35 MB, solutions = 0)
    286   265        0.0000   458                      0.0000   865957         
    289   267        0.0000   353                      0.0000   875390         
    293   271        0.0000   330                      0.0000   888718         
    300   278        0.0000   340                      0.0000   900494         
    308   286        0.0000   264                      0.0000   909833         
    311   289        0.0000   385                      0.0000   924865         
    318   296        0.0000   439                      0.0000   946115         
    320   298        0.0000   579                      0.0000   962798         
    324   302        0.0000   508                      0.0000   973415         
    328   305        0.0000   281                      0.0000   986563         
Elapsed time = 495.75 sec. (512016.66 ticks, tree = 2.64 MB, solutions = 0)
    332   308        0.0000   231                      0.0000  1003066         
    334   310        0.0000   375                      0.0000  1018533         
    340   316        0.0000   338                      0.0000  1035408         
    345   321        0.0000   391                      0.0000  1057694         
    348   322    infeasible                            0.0000  1078011         
    354   324        0.0000   377                      0.0000  1099494         
    361   330        0.0000   344                      0.0000  1107171         
    368   337        0.0000   367                      0.0000  1120712         
    375   343        0.0000   561                      0.0000  1136864         
    378   346        0.0000   367                      0.0000  1159510         
Elapsed time = 550.63 sec. (567350.39 ticks, tree = 3.59 MB, solutions = 0)
    383   349        0.0000   361                      0.0000  1178805         
    389   355        0.0000   336                      0.0000  1195933         
    395   357        0.0000   367                      0.0000  1226801         
    398   360        0.0000   364                      0.0000  1245235         
    405   365        0.0000   301                      0.0000  1259230         
    408   366        0.0000   417                      0.0000  1280626         
    418   374        0.0000   422                      0.0000  1296118         

Clique cuts applied:  34
Zero-half cuts applied:  28

Root node processing (before b&c):
  Real time             =   90.39 sec. (99273.90 ticks)
Sequential b&c:
  Real time             =  501.05 sec. (506868.26 ticks)
                          ------------
Total (root+branch&cut) =  591.44 sec. (606142.16 ticks)
Primal:	386
Dual:	400
Status:	Feasible
Time:	591.5
Sequence:
	0
